4.1312267780303955
0.05617260932922363
0.05806541442871094
0.04831862449645996
0.05314517021179199
0.04758620262145996
0.042391300201416016
0.039487361907958984
0.04206204414367676
0.04570913314819336
0.04434394836425781
0.042314767837524414
0.042401790618896484
0.041728973388671875
0.03899502754211426
0.04028725624084473
0.03894162178039551
0.04335284233093262
0.043845176696777344
0.050255775451660156
0.0436253547668457
0.04332852363586426
0.037885189056396484
0.03632855415344238
0.03764677047729492
0.040764570236206055
0.039095163345336914
0.045252084732055664
0.03874969482421875
0.04065513610839844
0.03958845138549805
0.0423431396484375
0.04474925994873047
0.04101753234863281
0.04366016387939453
0.04504656791687012
0.04465508460998535
0.04740262031555176
0.039614200592041016
0.05124473571777344
0.04056119918823242
0.045616865158081055
0.04467010498046875
0.03997516632080078
0.04321455955505371
0.040909528732299805
0.04021263122558594
0.04405856132507324
0.04474163055419922
0.04398465156555176
0.04683947563171387
0.041176557540893555
0.05005192756652832
0.04546380043029785
0.03826117515563965
0.044280052185058594
0.047396183013916016
0.047457218170166016
0.04281497001647949
0.051142215728759766
0.051115989685058594
0.050853729248046875
