281.52,164.56,79.101,153.03
281.82,164.91,78.409,152.25
282.1,165.19,77.844,151.69
282.37,164.74,77.239,152.53
283.48,165.07,75.112,151.98
283.62,164.41,74.819,153.31
283.04,162.62,75.993,156.88
282.43,160.82,77.205,160.52
281.8,159.06,78.433,164.05
281.19,157.26,79.626,167.64
280.58,155.64,80.886,170.95
279.97,153.96,82.118,174.31
279.33,152.29,83.35,177.63
279.48,151.79,83.073,178.66
279.59,151.35,82.829,179.56
279.78,150.79,82.478,180.68
279.89,150.33,82.238,181.6
278.91,149.81,84.221,182.64
277.94,149.26,86.148,183.74
276.91,148.82,88.197,184.65
275.97,148.22,90.105,185.84
274.93,147.73,92.129,186.79
273.96,147.23,94.129,187.83
272.97,146.68,96.094,188.92
272.74,145.85,96.557,190.6
272.53,144.97,97.004,192.37
272.3,144.09,97.438,194.16
272.09,143.2,97.852,195.96
271.85,142.36,98.365,197.63
270.83,140.32,100.41,201.71
269.75,138.34,102.55,205.73
268.87,137.19,104.3,208.01
268.07,136.03,105.92,210.37
267.18,134.89,107.67,212.66
266.36,133.75,109.35,214.98
265.55,132.62,110.98,217.25
265.52,132.62,111.06,217.25
265.49,132.62,111.1,217.28
265.31,131.81,111.52,218.98
265.1,130.97,111.94,220.66
264.89,130.15,112.34,222.34
264.64,129.32,112.77,224.04
264.42,128.46,113.2,225.77
264.22,127.62,113.61,227.51
262.94,125.46,116.18,231.9
261.9,124.1,118.29,234.72
260.82,122.76,120.43,237.44
259.73,121.41,122.62,240.23
258.68,120.06,124.79,243.0
257.57,118.71,126.98,245.82
256.54,117.36,129.09,248.59
256.07,115.65,130.04,252.01
255.54,113.97,131.08,255.46
255.05,112.29,132.07,258.83
254.56,110.57,133.03,262.29
254.04,108.91,134.09,265.72
253.56,107.17,135.04,269.21
253.12,105.46,135.98,272.68
253.1,105.44,136.08,272.74
253.12,105.41,136.14,272.85
252.71,104.38,136.95,275.01
252.29,103.33,137.78,277.21
251.84,102.29,138.64,279.43
251.4,101.27,139.55,281.59
250.99,100.22,140.33,283.79
249.15,98.123,143.92,287.75
247.31,96.022,147.51,291.65
245.92,94.943,150.34,293.52
244.53,93.875,153.11,295.31
243.09,92.788,156.01,297.15
241.51,91.726,159.0,298.96
239.83,90.645,162.15,300.79
239.88,90.645,162.18,300.8
239.94,90.652,162.23,300.84
239.99,90.61,162.25,300.92
238.45,90.234,165.36,301.72
236.87,89.847,168.58,302.57
235.29,89.447,171.72,303.37
233.72,89.081,174.8,304.11
232.11,88.669,177.92,304.97
230.48,88.271,181.09,305.76
228.92,87.888,184.18,306.59
227.56,85.865,186.92,310.59
226.21,83.809,189.61,314.62
224.83,81.772,192.34,318.63
223.46,79.732,195.07,322.62
222.12,77.713,197.8,326.59
220.68,75.662,200.61,330.7
219.24,73.566,203.47,334.88
218.57,72.563,204.81,336.9
218.03,71.535,205.98,338.99
217.27,70.489,207.45,341.15
216.55,69.447,208.84,343.34
215.86,68.386,210.26,345.57
215.15,67.307,211.72,347.84
214.47,66.256,213.2,350.03
214.47,66.23,213.39,350.18
214.52,66.198,213.63,350.34
214.59,66.177,213.72,350.48
214.59,66.16,214.0,350.63
214.61,66.138,214.25,350.8
214.68,66.132,214.35,350.94
214.65,66.093,214.57,351.07
214.64,66.087,214.75,351.19
214.63,66.1,214.89,351.27
212.13,64.706,219.54,353.9
209.66,63.352,224.08,356.46
207.25,61.989,228.54,358.97
204.75,60.623,233.06,361.51
202.22,59.261,237.62,364.0
199.71,57.899,242.09,366.49
197.14,56.579,247.63,368.9
196.97,56.594,247.92,368.87
196.81,56.617,248.25,368.82
196.65,56.674,248.65,368.7
197.49,57.056,247.0,367.89
198.31,57.433,245.37,367.15
200.19,58.059,241.62,365.9
202.2,58.642,237.81,364.85
204.19,59.152,234.06,363.96
206.25,59.664,230.2,363.05
209.07,62.046,224.65,358.29
210.85,64.149,221.05,354.06
212.83,67.771,217.01,346.8
213.85,71.147,214.96,340.08
214.75,74.576,213.0,333.14
215.62,78.067,211.0,326.0
217.89,81.995,206.14,318.01
219.42,84.326,203.05,313.33
221.06,86.701,199.89,308.59
222.3,87.528,197.33,306.98
224.88,89.323,192.16,303.38
227.49,91.063,186.9,299.81
231.08,93.709,179.76,294.56
233.2,95.589,175.46,290.76
235.37,97.464,171.09,286.92
237.46,99.359,166.79,283.13
240.84,102.09,160.04,277.67
242.9,103.77,155.99,274.32
244.93,105.5,151.93,270.89
246.02,106.21,149.68,269.39
247.69,108.43,146.37,264.98
249.4,110.71,143.0,260.49
251.15,112.89,139.55,256.12
251.51,114.28,138.62,253.32
252.56,117.45,136.51,246.96
253.62,120.66,134.36,240.54
254.72,123.87,132.29,234.13
256.69,126.67,128.41,228.54
258.65,129.48,124.58,222.88
260.65,132.37,120.66,217.19
262.68,135.22,116.77,211.47
264.05,136.23,114.09,209.43
265.45,137.12,111.43,207.51
266.75,138.1,108.86,205.51
266.69,137.96,109.08,205.65
267.18,139.51,108.02,202.59
267.68,141.07,106.98,199.46
268.58,142.42,105.08,196.82
269.56,143.74,103.1,194.21
270.23,145.72,101.68,190.32
270.93,147.74,100.19,186.39
271.6,149.74,98.761,182.45
271.68,150.02,98.612,181.81
271.76,150.41,98.457,181.03
271.74,152.32,98.47,177.16
271.73,154.3,98.482,173.25
271.98,155.56,98.009,170.76
272.24,156.86,97.49,168.17
273.07,159.23,95.812,163.48
273.89,161.52,94.216,158.87
274.7,163.9,92.609,154.13
275.21,164.86,91.647,152.13
275.71,165.92,90.7,150.09
276.38,167.71,89.371,146.49
277.06,169.48,88.006,142.93
277.17,170.27,87.762,141.34
277.28,171.02,87.504,139.82
277.41,171.81,87.237,138.25
277.5,172.6,86.978,136.71
277.59,173.33,86.736,135.19
277.51,173.27,86.858,135.29
277.43,173.21,87.008,135.35
277.96,174.38,85.938,133.02
278.5,175.55,84.895,130.72
279.05,176.74,83.835,128.38
279.56,177.94,82.804,125.97
280.13,179.07,81.673,123.7
280.67,180.26,80.615,121.34
281.21,181.44,79.572,119.04
281.15,181.39,79.682,119.08
281.09,181.3,79.811,119.21
281.02,181.28,79.958,119.26
280.98,181.19,80.03,119.36
280.93,181.13,80.147,119.42
280.45,181.72,81.101,118.29
280.04,182.26,81.91,117.23
279.46,183.35,83.124,115.12
278.87,184.46,84.305,112.95
278.32,185.57,85.422,110.79
277.71,186.69,86.573,108.58
276.77,186.85,88.454,108.28
276.25,186.46,89.514,109.04
275.7,186.04,90.587,109.89
275.28,185.13,91.427,111.69
274.92,184.25,92.189,113.47
274.54,183.33,92.941,115.29
274.15,182.41,93.769,117.12
274.12,182.4,93.847,117.14
274.11,182.36,93.878,117.17
274.11,182.32,93.867,117.22
274.16,182.36,93.86,117.19
274.15,182.61,93.852,116.67
274.14,182.89,93.818,116.11
274.17,183.17,93.769,115.59
274.2,183.42,93.683,115.06
273.56,182.72,94.953,116.53
272.93,181.94,96.189,118.08
272.27,181.17,97.464,119.62
271.63,180.12,98.751,121.7
270.94,179.12,100.16,123.73
270.34,178.05,101.36,125.84
269.69,177.04,102.71,127.88
269.66,177.02,102.79,127.9
269.71,177.02,102.75,127.9
269.7,177.02,102.77,127.9
269.16,177.14,103.79,127.66
268.67,177.29,104.79,127.39
268.14,177.45,105.79,127.08
267.14,177.19,107.8,127.6
266.1,176.95,109.8,128.07
265.03,176.71,111.9,128.57
264.04,176.43,113.93,129.11
263.49,175.98,115.05,129.96
262.99,175.62,116.04,130.71
262.45,175.22,117.12,131.49
262.19,174.57,117.66,132.79
261.91,173.92,118.18,134.08
261.67,173.28,118.66,135.37
261.41,172.63,119.19,136.67
261.17,172.01,119.67,137.91
260.93,171.36,120.16,139.21
260.94,170.74,120.64,140.47
261.54,170.71,120.7,140.5
262.73,170.72,120.75,140.48
264.71,170.71,120.75,140.51
267.61,170.69,120.75,140.57
271.57,170.73,120.75,140.6
276.72,170.72,120.82,140.71
283.19,170.78,120.86,140.78
291.02,170.87,120.97,140.89
300.3,170.96,121.11,141.06
310.94,171.5,121.47,140.5
323.04,172.08,121.99,139.95
336.63,172.73,122.54,139.48
351.65,173.43,123.09,139.09
368.01,174.18,123.84,138.77
385.64,175.07,124.83,138.46
404.44,175.98,125.85,138.35
424.41,176.55,126.84,139.14
445.29,177.28,128.03,139.99
467.33,178.56,128.58,140.11
489.96,180.0,129.26,140.37
512.97,181.54,128.03,140.75
536.19,183.32,104.81,141.15
559.37,185.25,81.63,141.68
582.32,187.49,58.68,142.26
nan,nan,nan,nan
nan,nan,nan,nan
nan,nan,nan,nan
nan,nan,nan,nan
nan,nan,nan,nan
nan,nan,nan,nan
nan,nan,nan,nan
nan,nan,nan,nan
nan,nan,nan,nan
nan,nan,nan,nan
nan,nan,nan,nan
nan,nan,nan,nan
nan,nan,nan,nan
nan,nan,nan,nan
nan,nan,nan,nan
nan,nan,nan,nan
nan,nan,nan,nan
nan,nan,nan,nan
nan,nan,nan,nan
nan,nan,nan,nan
nan,nan,nan,nan
nan,nan,nan,nan
590.68,302.16,50.319,139.72
568.93,308.66,72.067,137.51
546.93,315.12,94.068,135.34
524.87,321.52,105.47,133.32
503.0,327.87,102.31,131.31
482.21,334.37,97.879,128.88
461.96,340.82,93.712,126.53
442.48,347.16,89.718,124.33
422.97,352.86,87.802,123.37
404.52,358.46,86.059,122.45
387.26,363.9,84.395,117.1
371.27,369.19,82.846,111.81
356.0,374.03,82.732,106.97
342.21,378.76,82.582,102.24
331.0,383.74,80.449,97.257
321.26,388.51,78.332,92.489
313.08,393.03,76.175,87.97
306.35,397.26,74.072,83.74
301.0,401.13,71.932,79.87
296.92,404.65,69.834,76.345
293.92,408.02,68.029,72.977
290.89,410.5,68.294,70.5
288.77,412.6,68.588,68.398
287.34,414.23,68.917,66.77
286.51,415.45,69.191,65.547
286.1,416.3,69.426,64.7
285.89,416.74,69.686,64.26
285.77,416.51,69.735,64.49
285.48,415.84,69.718,65.16
284.82,414.74,69.651,66.259
284.35,413.88,68.279,67.12
283.15,412.73,66.901,68.27
281.04,411.12,65.499,69.877
277.84,409.16,64.141,71.84
273.49,406.81,62.667,74.189
268.31,403.53,60.266,77.47
261.78,399.79,57.829,81.209
253.1,395.38,56.722,85.62
242.88,390.64,55.641,90.355
231.14,385.61,54.568,95.39
217.88,380.38,53.582,100.62
203.16,374.98,52.631,106.02
186.46,369.92,52.76,109.01
168.31,364.68,53.014,109.28
149.08,359.52,52.92,109.19
128.68,354.25,52.901,109.19
107.19,348.89,53.061,109.3
84.842,343.47,53.243,109.39
61.473,338.48,54.114,108.52
37.508,333.43,55.09,107.79
13.636,328.35,55.444,106.99
1.0,323.06,44.828,106.55
1.0,317.46,22.185,106.77
nan,nan,nan,nan
nan,nan,nan,nan
nan,nan,nan,nan
nan,nan,nan,nan
nan,nan,nan,nan
nan,nan,nan,nan
nan,nan,nan,nan
nan,nan,nan,nan
nan,nan,nan,nan
nan,nan,nan,nan
nan,nan,nan,nan
nan,nan,nan,nan
nan,nan,nan,nan
nan,nan,nan,nan
nan,nan,nan,nan
nan,nan,nan,nan
nan,nan,nan,nan
nan,nan,nan,nan
nan,nan,nan,nan
nan,nan,nan,nan
nan,nan,nan,nan
nan,nan,nan,nan
1.0,213.48,37.516,90.113
1.0,211.27,60.749,89.598
1.0,209.34,84.186,89.039
20.691,207.59,87.952,88.58
44.254,206.05,87.681,88.143
67.222,204.62,87.54,87.913
89.956,203.58,86.602,87.288
111.68,202.7,85.914,86.813
132.41,201.84,85.266,86.469
151.96,201.16,84.757,86.091
169.84,199.98,85.081,87.083
186.37,198.91,85.451,88.063
201.38,197.86,85.971,89.215
214.95,196.92,86.506,90.318
227.03,196.03,87.038,91.462
237.53,195.26,87.653,92.605
246.44,194.53,88.432,93.772
254.33,194.41,88.374,93.703
260.8,194.32,88.368,93.656
265.96,194.24,88.36,93.663
269.9,194.25,88.366,93.607
272.46,193.66,89.09,94.686
274.04,193.09,89.823,95.763
274.85,192.58,90.606,96.807
275.04,192.1,91.385,97.748
274.88,191.54,92.124,98.863
274.48,191.0,92.994,99.944
274.09,190.47,93.782,100.99
274.31,190.48,93.801,100.97
274.94,190.47,93.755,100.98
276.15,190.47,93.764,100.97
278.77,190.46,92.442,100.98
282.32,190.47,91.175,100.95
286.97,190.49,89.791,100.87
292.77,190.41,88.506,100.88
299.9,190.26,87.301,100.88
308.33,190.03,86.081,101.02
318.25,189.8,84.827,101.11
328.99,189.49,84.969,101.22
341.25,189.09,85.096,101.34
354.99,188.61,85.213,101.56
370.37,187.11,85.016,103.6
387.19,185.45,84.836,105.72
405.3,183.66,84.68,107.92
424.51,181.64,84.771,110.22
444.21,179.48,86.209,112.59
464.87,177.06,87.744,115.12
486.23,174.4,89.501,117.75
507.63,171.32,92.58,120.82
529.47,168.01,95.734,123.96
551.49,164.37,89.51,127.26
573.45,160.43,67.55,130.68
595.87,156.16,45.13,134.21
nan,nan,nan,nan
nan,nan,nan,nan
nan,nan,nan,nan
nan,nan,nan,nan
nan,nan,nan,nan
nan,nan,nan,nan
nan,nan,nan,nan
nan,nan,nan,nan
nan,nan,nan,nan
nan,nan,nan,nan
nan,nan,nan,nan
nan,nan,nan,nan
nan,nan,nan,nan
nan,nan,nan,nan
nan,nan,nan,nan
nan,nan,nan,nan
nan,nan,nan,nan
nan,nan,nan,nan
nan,nan,nan,nan
nan,nan,nan,nan
nan,nan,nan,nan
nan,nan,nan,nan
588.4,22.932,52.6,172.57
565.18,17.852,75.817,171.87
542.09,12.267,98.907,172.09
518.43,6.9511,118.54,171.88
494.97,1.6055,118.63,171.76
472.02,1.0,118.58,166.32
449.72,1.0,118.64,160.32
428.16,1.0,118.88,154.47
407.53,1.0,119.24,148.68
387.92,1.0,119.82,143.04
369.99,1.0,119.42,137.78
353.36,1.0,119.12,132.66
338.16,1.0,118.88,127.73
323.93,1.0,119.67,123.06
311.19,1.0,120.49,118.6
299.98,1.0,121.3,114.41
290.26,1.0,122.2,110.49
281.92,1.0,123.13,106.89
275.01,1.0,124.03,103.62
269.35,1.0,125.05,100.66
265.34,1.0,125.1,98.068
262.41,1.0,125.2,95.845
260.42,1.0,125.21,94.074
259.15,1.0,125.33,92.662
258.51,1.0,125.34,91.672
258.24,1.0,125.42,91.065
258.93,1.0,123.98,90.885
259.61,1.0,122.58,91.061
260.06,1.0,121.2,91.684
260.19,1.0,119.69,92.703
259.76,1.0,118.19,94.119
258.52,1.0,116.76,95.93
256.39,1.0,115.32,98.11
252.55,1.0,115.15,100.68
247.44,1.0,115.02,103.62
241.01,1.0,114.9,106.92
233.16,1.0,114.84,110.54
224.0,1.0,114.48,114.32
213.27,1.0,114.28,118.4
201.06,1.0,114.0,122.73
187.26,1.0,113.92,127.29
172.01,1.0,113.85,132.06
155.25,1.0,113.9,137.03
137.14,1.0,114.04,142.14
117.53,1.0,114.59,147.54
96.761,1.0,115.3,153.04
74.96,1.0,116.06,158.65
52.17,1.0,117.08,164.36
28.636,4.0767,118.19,167.09
4.7688,9.8268,119.02,166.4
1.0,15.524,99.587,165.84
1.0,21.27,76.348,165.27
1.0,27.014,53.385,164.75
nan,nan,nan,nan
nan,nan,nan,nan
nan,nan,nan,nan
nan,nan,nan,nan
nan,nan,nan,nan
nan,nan,nan,nan
nan,nan,nan,nan
nan,nan,nan,nan
nan,nan,nan,nan
nan,nan,nan,nan
nan,nan,nan,nan
nan,nan,nan,nan
nan,nan,nan,nan
nan,nan,nan,nan
nan,nan,nan,nan
nan,nan,nan,nan
nan,nan,nan,nan
nan,nan,nan,nan
nan,nan,nan,nan
nan,nan,nan,nan
nan,nan,nan,nan
nan,nan,nan,nan
1.0,151.32,45.64,144.24
1.0,154.51,68.392,142.85
1.0,157.82,90.095,140.66
16.454,160.81,96.396,138.62
41.719,163.54,92.725,136.68
66.4,165.95,89.233,134.89
89.932,167.69,86.694,134.04
112.54,169.18,84.273,133.32
134.1,170.5,81.993,132.67
153.19,171.22,82.32,132.92
171.09,171.81,82.66,133.19
187.5,172.2,83.172,133.61
202.47,172.48,83.791,134.06
216.39,173.03,83.615,133.78
228.69,173.31,83.631,133.75
239.52,173.51,83.621,133.73
248.78,173.64,83.722,133.74
256.62,173.7,83.745,133.81
262.49,173.82,84.944,133.74
267.0,173.9,86.248,133.73
270.37,173.96,87.411,133.69
272.61,173.99,88.681,133.68
273.96,174.05,89.916,133.63
273.45,173.85,93.359,134.09
272.36,173.7,96.748,134.46
271.41,173.43,99.135,134.99
270.29,173.16,101.44,135.5
269.14,172.89,103.76,136.03
267.49,172.69,107.47,136.48
266.26,172.46,111.23,136.96
266.59,172.42,112.93,137.0
267.76,172.39,114.54,137.07
269.9,172.37,116.02,137.08
272.42,171.39,118.9,139.16
276.27,170.41,121.64,141.26
282.06,169.45,122.95,143.41
289.23,168.47,124.43,145.62
297.85,167.48,125.85,147.91
307.92,166.57,127.36,150.21
319.49,165.65,128.99,152.62
333.17,165.77,129.33,153.03
347.24,165.27,131.89,155.06
362.75,164.81,134.45,157.18
379.43,164.42,137.29,159.39
397.38,164.09,140.29,161.76
415.72,163.13,144.65,165.82
434.93,162.21,149.37,170.09
454.82,161.37,154.39,174.59
476.31,161.34,157.62,177.69
498.08,161.47,142.92,180.95
520.0,161.73,121.0,184.39
540.91,160.69,100.09,191.1
562.02,160.64,78.98,196.31
582.75,160.81,58.25,201.65
nan,nan,nan,nan
nan,nan,nan,nan
nan,nan,nan,nan
nan,nan,nan,nan
nan,nan,nan,nan
nan,nan,nan,nan
nan,nan,nan,nan
nan,nan,nan,nan
nan,nan,nan,nan
nan,nan,nan,nan
nan,nan,nan,nan
nan,nan,nan,nan
nan,nan,nan,nan
nan,nan,nan,nan
nan,nan,nan,nan
nan,nan,nan,nan
nan,nan,nan,nan
nan,nan,nan,nan
nan,nan,nan,nan
nan,nan,nan,nan
541.78,218.04,99.219,262.96
519.28,222.11,121.72,258.89
496.28,226.0,144.72,255.0
473.25,231.52,167.75,249.48
448.81,235.72,192.19,245.28
424.52,239.87,216.48,241.13
400.47,243.82,240.53,237.18
377.62,248.74,263.38,232.26
355.5,253.48,270.05,227.52
333.61,257.69,272.36,223.31
312.69,261.58,275.09,219.42
294.13,266.51,275.33,214.49
276.85,271.3,275.81,209.7
259.07,275.6,280.33,205.4
242.67,279.73,284.91,201.27
227.75,283.63,289.69,197.37
214.89,287.7,293.15,193.3
203.5,291.31,296.66,189.69
193.66,294.6,300.16,186.4
185.1,297.54,303.67,183.46
176.28,299.37,310.81,181.63
168.71,300.81,317.8,180.19
162.16,301.98,324.9,179.02
155.53,301.3,334.3,179.7
149.51,300.21,343.78,180.79
144.2,298.76,353.25,182.24
138.15,295.85,365.26,185.15
135.84,293.46,369.7,187.54
133.48,290.64,374.14,190.36
128.66,288.48,383.49,192.52
124.62,287.33,390.18,193.67
117.79,284.37,401.14,196.63
110.23,281.04,411.99,199.96
103.0,278.45,420.12,202.55
94.803,275.43,428.07,205.57
85.194,272.1,436.08,208.9
76.666,267.46,438.88,213.54
63.384,262.24,448.7,218.76
50.513,258.13,454.28,222.87
36.018,253.68,459.7,227.32
19.666,248.91,465.32,232.09
1.4292,243.72,471.02,237.28
1.0,238.81,460.42,242.19
1.0,233.61,448.03,247.39
1.0,227.84,433.25,253.16
1.0,221.78,417.43,259.22
1.0,214.11,403.44,266.89
1.0,206.12,388.62,274.88
1.0,197.64,375.35,283.36
1.0,188.11,358.77,292.89
1.0,176.96,343.66,304.04
1.0,165.92,326.2,315.08
1.0,154.38,308.86,326.62
nan,nan,nan,nan
nan,nan,nan,nan
nan,nan,nan,nan
nan,nan,nan,nan
nan,nan,nan,nan
nan,nan,nan,nan
nan,nan,nan,nan
nan,nan,nan,nan
nan,nan,nan,nan
nan,nan,nan,nan
nan,nan,nan,nan
nan,nan,nan,nan
nan,nan,nan,nan
nan,nan,nan,nan
nan,nan,nan,nan
nan,nan,nan,nan
nan,nan,nan,nan
nan,nan,nan,nan
nan,nan,nan,nan
nan,nan,nan,nan
1.0,22.847,246.13,449.79
1.0,28.881,257.57,434.59
1.0,35.355,270.21,418.78
1.0,44.035,280.94,403.48
1.0,52.591,292.26,388.82
1.0,61.444,301.12,376.45
1.0,64.128,316.03,366.0
1.0,67.323,328.21,357.66
1.0,69.2,343.09,350.59
1.0,71.27,357.15,344.51
1.0,72.107,371.67,340.74
1.0,72.962,385.14,337.43
1.0,73.545,397.75,335.04
2.9781,74.233,407.13,333.16
25.636,74.556,397.29,332.41
49.469,75.197,382.23,331.18
71.419,75.632,367.9,330.53
91.791,75.485,353.06,331.21
110.78,75.405,338.14,331.55
124.68,75.229,329.68,332.43
139.49,75.459,316.44,332.0
153.04,75.787,302.89,331.11
163.59,75.845,292.5,331.01
172.9,76.049,281.87,330.52
180.21,76.78,273.15,329.03
186.5,77.577,264.43,327.54
192.24,78.383,255.33,325.62
196.33,80.002,248.4,322.32
199.79,81.646,241.79,319.17
203.73,83.828,234.03,314.82
207.6,85.96,226.45,310.55
211.51,88.571,219.18,305.33
215.78,91.141,211.99,300.12
221.84,94.077,202.43,294.28
227.33,95.868,195.4,290.72
236.09,98.492,183.79,285.38
244.19,100.46,175.51,281.51
253.68,102.31,166.9,277.56
264.08,103.51,159.02,274.91
275.87,104.67,151.07,272.22
287.98,105.51,145.42,270.17
302.93,106.93,137.18,266.62
317.19,107.86,133.29,264.31
332.9,108.65,129.61,262.04
349.98,109.29,126.1,259.88
367.82,110.31,123.85,256.52
387.11,111.16,121.48,253.32
407.44,111.89,119.55,250.22
427.58,111.51,120.21,248.85
448.72,110.94,120.82,247.81
470.68,110.09,121.48,246.8
494.0,110.66,120.75,242.25
517.14,109.67,121.38,240.72
540.49,108.52,100.51,239.2
563.89,106.92,77.11,237.84
587.04,105.14,53.955,236.44
nan,nan,nan,nan
nan,nan,nan,nan
nan,nan,nan,nan
nan,nan,nan,nan
nan,nan,nan,nan
nan,nan,nan,nan
nan,nan,nan,nan
nan,nan,nan,nan
nan,nan,nan,nan
nan,nan,nan,nan
nan,nan,nan,nan
nan,nan,nan,nan
nan,nan,nan,nan
nan,nan,nan,nan
nan,nan,nan,nan
nan,nan,nan,nan
nan,nan,nan,nan
nan,nan,nan,nan
nan,nan,nan,nan
nan,nan,nan,nan
nan,nan,nan,nan
nan,nan,nan,nan
597.98,1.0,43.02,215.57
575.71,1.0,65.29,207.69
553.18,1.0,87.817,200.05
530.6,1.0,93.585,192.44
508.2,1.0,91.364,184.9
486.29,1.0,89.329,177.57
464.92,1.0,87.444,170.24
443.86,1.0,86.802,164.62
423.64,1.0,86.308,159.16
404.52,1.0,85.957,153.69
386.62,1.0,85.669,148.52
370.01,1.0,85.458,143.55
354.76,1.0,85.35,138.57
341.0,1.0,85.32,133.86
328.76,1.0,85.307,129.46
318.01,1.0,85.322,125.25
308.79,1.0,85.382,121.16
300.99,1.0,85.379,117.61
294.61,1.0,85.454,114.42
289.45,1.0,85.542,111.63
285.49,1.0,85.612,109.15
281.87,1.0,87.048,107.57
279.11,1.0,88.462,106.39
277.14,1.0,89.818,105.58
275.74,1.0,91.218,105.24
274.75,1.0,92.6,105.31
273.95,1.0,93.98,105.76
273.19,1.0,95.313,106.6
272.98,1.0,95.312,107.25
272.41,1.0,95.291,108.16
271.33,1.0,95.283,109.64
269.44,1.0,95.269,111.52
266.62,1.0,95.238,113.71
262.69,1.0,95.195,116.29
257.58,1.0,95.142,119.22
251.11,1.0,95.102,122.46
243.29,1.0,95.048,125.94
233.99,1.0,95.001,129.88
223.18,1.0,94.946,134.0
210.93,1.0,94.957,138.56
197.16,1.0,95.005,143.26
181.83,1.0,95.139,150.36
164.98,1.0,95.386,157.83
146.74,1.0,95.715,165.33
127.15,1.0,96.169,172.99
106.31,1.0,96.743,180.74
84.41,1.0,97.473,188.77
61.613,1.0,98.322,196.78
38.191,1.0,99.362,202.73
14.288,1.0,100.5,208.81
1.0,1.0,90.914,214.99
1.0,1.0,68.066,221.33
1.0,1.0,45.893,228.82
nan,nan,nan,nan
nan,nan,nan,nan
nan,nan,nan,nan
nan,nan,nan,nan
nan,nan,nan,nan
nan,nan,nan,nan
nan,nan,nan,nan
nan,nan,nan,nan
nan,nan,nan,nan
nan,nan,nan,nan
nan,nan,nan,nan
nan,nan,nan,nan
nan,nan,nan,nan
nan,nan,nan,nan
nan,nan,nan,nan
nan,nan,nan,nan
nan,nan,nan,nan
nan,nan,nan,nan
nan,nan,nan,nan
nan,nan,nan,nan
nan,nan,nan,nan
nan,nan,nan,nan
1.0,64.218,67.044,316.3
1.0,68.387,89.75,312.92
1.0,72.148,112.61,309.75
1.0,75.588,135.4,306.87
14.976,78.678,144.21,304.17
38.537,81.383,143.02,301.65
61.881,82.193,141.02,302.85
84.213,82.763,139.31,304.3
105.62,83.098,137.56,305.89
125.78,83.192,135.96,307.76
143.25,83.761,137.25,308.33
159.44,84.25,138.41,309.12
173.91,84.482,140.55,309.96
186.68,85.964,142.79,307.7
196.44,88.462,147.91,303.5
204.68,90.734,153.1,299.51
211.42,92.855,158.3,295.56
216.87,94.981,163.13,291.64
220.97,97.017,167.88,287.79
223.74,98.891,172.66,284.01
225.25,100.76,177.49,280.26
227.08,101.64,179.61,278.6
227.65,102.57,182.41,276.8
227.37,103.52,185.37,275.06
227.64,103.65,186.08,274.69
227.54,103.88,186.91,274.3
227.28,103.94,187.75,274.15
226.91,104.05,188.67,274.09
226.68,104.11,189.66,274.02
227.35,105.38,189.54,271.35
228.55,106.73,189.51,268.67
230.57,107.98,189.27,265.96
233.91,109.57,188.16,262.95
238.3,111.08,187.18,260.13
243.91,112.73,186.37,257.23
250.77,114.29,185.62,254.41
259.57,115.22,183.85,252.92
269.73,116.11,182.22,251.41
281.4,117.06,180.58,250.06
294.69,118.27,178.76,248.24
309.49,119.47,177.06,246.56
325.76,120.71,175.49,244.9
343.38,122.04,174.04,243.36
361.95,123.68,173.16,241.5
381.82,125.4,172.36,239.81
402.58,127.11,171.91,238.22
423.68,128.37,172.82,238.06
445.42,129.84,174.01,237.98
468.71,132.31,172.29,236.35
492.39,134.84,148.61,234.91
516.04,136.65,124.96,235.3
539.66,138.58,101.34,235.95
562.89,141.97,78.11,234.36
585.63,145.45,55.369,232.81
nan,nan,nan,nan
nan,nan,nan,nan
nan,nan,nan,nan
nan,nan,nan,nan
nan,nan,nan,nan
nan,nan,nan,nan
nan,nan,nan,nan
nan,nan,nan,nan
nan,nan,nan,nan
nan,nan,nan,nan
nan,nan,nan,nan
nan,nan,nan,nan
nan,nan,nan,nan
nan,nan,nan,nan
nan,nan,nan,nan
nan,nan,nan,nan
nan,nan,nan,nan
nan,nan,nan,nan
nan,nan,nan,nan
nan,nan,nan,nan
588.26,268.9,52.736,199.44
566.58,275.11,74.42,197.5
544.19,281.32,96.81,195.76
521.31,287.49,119.69,193.51
499.1,292.91,141.9,188.09
477.02,298.23,158.4,182.77
455.18,303.54,155.91,177.46
434.0,308.88,153.7,172.12
413.38,314.08,151.94,166.92
393.54,319.28,150.6,161.72
374.72,324.17,149.47,156.83
357.19,329.43,148.37,151.57
340.88,334.55,147.46,146.45
326.13,337.98,146.4,143.02
312.9,341.34,145.24,139.66
300.74,344.42,144.63,136.58
289.96,347.28,144.28,133.72
280.08,348.41,144.12,132.59
272.25,348.87,144.34,132.13
265.75,349.01,144.64,131.99
260.24,349.28,145.41,131.72
255.94,349.09,146.26,131.91
252.65,348.66,147.17,132.34
250.28,347.87,148.05,133.13
249.66,347.2,146.87,133.8
249.56,346.18,145.63,134.82
249.76,344.84,144.37,136.16
250.76,344.03,142.43,136.97
252.57,342.02,138.39,138.98
254.27,339.76,134.26,141.24
254.88,336.59,130.95,144.41
254.49,333.9,129.62,147.1
252.49,331.31,129.54,149.69
249.62,328.43,129.55,152.57
245.7,325.16,129.47,155.84
239.58,322.23,131.5,158.77
232.06,318.97,133.64,162.03
223.98,316.68,133.99,164.32
214.38,314.15,134.34,166.85
204.06,310.76,133.41,170.24
192.18,307.07,132.47,173.93
178.15,304.06,132.5,176.94
162.64,300.86,132.54,180.14
145.6,297.49,132.73,183.51
126.75,293.15,134.03,187.85
106.11,289.54,136.49,191.46
84.244,285.92,139.13,195.08
61.261,282.17,141.99,198.83
37.765,277.32,144.3,203.68
13.269,273.06,147.28,207.94
1.0,268.66,137.71,212.34
1.0,264.28,115.8,216.72
1.0,258.8,93.129,222.2
1.0,253.3,71.692,227.7
nan,nan,nan,nan
nan,nan,nan,nan
nan,nan,nan,nan
nan,nan,nan,nan
nan,nan,nan,nan
nan,nan,nan,nan
nan,nan,nan,nan
nan,nan,nan,nan
nan,nan,nan,nan
nan,nan,nan,nan
nan,nan,nan,nan
nan,nan,nan,nan
nan,nan,nan,nan
nan,nan,nan,nan
nan,nan,nan,nan
nan,nan,nan,nan
nan,nan,nan,nan
nan,nan,nan,nan
nan,nan,nan,nan
nan,nan,nan,nan
nan,nan,nan,nan
1.0,146.16,55.385,231.82
1.0,144.66,77.302,229.47
1.0,144.27,99.718,225.14
1.0,144.12,122.42,220.92
1.0,144.09,145.15,216.93
5.1969,144.23,163.54,213.12
29.055,144.39,161.84,209.5
52.172,144.76,160.34,206.13
74.234,145.16,159.18,202.95
95.169,144.88,158.34,201.87
114.78,144.62,157.85,200.95
133.13,144.44,157.45,200.22
150.03,144.32,157.25,199.62
166.15,143.84,155.79,199.45
180.71,143.31,154.49,199.5
193.72,142.75,153.23,199.62
205.15,142.26,152.16,199.92
215.09,141.83,151.01,200.14
223.17,141.16,150.6,200.88
229.85,140.46,150.24,201.84
234.51,140.09,151.23,202.44
238.03,139.57,152.19,203.22
239.93,138.75,154.13,204.72
240.95,138.03,156.04,206.14
241.16,137.27,157.95,207.53
241.25,136.82,159.13,208.41
240.88,136.38,160.27,209.31
239.85,134.69,162.37,212.68
238.89,133.05,164.4,215.94
238.55,131.71,165.54,218.67
237.54,129.68,168.84,222.67
237.15,127.67,172.01,226.77
237.41,125.5,175.4,230.89
238.03,121.81,179.91,238.28
240.19,119.16,183.52,243.31
243.66,116.63,187.1,248.33
248.35,113.99,190.78,253.54
255.6,112.02,192.17,257.22
263.93,109.56,194.34,261.73
273.57,107.01,196.92,266.51
285.4,106.02,198.19,267.95
298.01,104.12,200.92,270.85
311.99,102.04,203.87,273.87
327.26,99.854,207.27,277.26
343.74,97.406,211.03,280.87
361.68,95.108,214.44,284.06
380.64,92.592,218.18,287.43
400.4,89.836,222.46,291.12
421.48,87.447,219.52,293.88
442.57,84.288,198.43,296.98
463.95,80.913,177.05,300.16
485.53,77.098,155.47,303.67
507.55,73.391,133.45,306.1
529.2,69.383,111.8,308.57
550.31,64.965,90.687,311.33
nan,nan,nan,nan
nan,nan,nan,nan
nan,nan,nan,nan
nan,nan,nan,nan
nan,nan,nan,nan
nan,nan,nan,nan
nan,nan,nan,nan
nan,nan,nan,nan
nan,nan,nan,nan
nan,nan,nan,nan
nan,nan,nan,nan
nan,nan,nan,nan
nan,nan,nan,nan
nan,nan,nan,nan
nan,nan,nan,nan
nan,nan,nan,nan
nan,nan,nan,nan
nan,nan,nan,nan
nan,nan,nan,nan
nan,nan,nan,nan
559.04,1.0,81.96,226.52
538.36,1.0,102.64,217.59
517.0,1.0,124.0,208.72
495.26,1.0,145.74,201.99
473.32,1.0,167.68,195.4
452.28,1.0,188.72,187.37
431.12,1.0,203.8,179.68
410.41,1.0,200.07,172.19
390.85,1.0,195.57,165.12
372.03,1.0,191.89,158.38
354.99,1.0,187.19,150.97
339.08,1.0,182.71,143.98
324.88,1.0,177.38,137.94
312.01,1.0,172.24,132.0
300.55,1.0,167.2,126.41
290.06,1.0,163.4,120.67
281.46,1.0,158.85,115.04
273.71,1.0,155.65,110.24
267.44,1.0,152.41,105.64
262.49,1.0,149.29,101.67
258.86,1.0,146.14,98.151
256.48,1.0,142.94,94.829
255.17,1.0,139.7,92.026
255.21,1.0,135.71,89.775
255.99,1.0,131.68,88.055
257.32,1.0,127.68,86.577
257.81,1.0,126.08,86.23
259.68,1.0,122.31,86.129
261.47,1.0,118.58,86.536
263.15,1.0,114.79,87.277
263.57,1.0,112.59,88.257
263.37,1.0,110.34,89.759
262.46,1.0,108.15,91.514
260.67,1.0,105.89,93.782
256.62,1.0,105.76,96.358
251.36,1.0,105.66,99.376
244.83,1.0,105.55,102.65
236.88,1.0,105.52,106.28
227.53,1.0,105.65,110.12
216.58,1.0,105.95,114.28
204.06,1.0,106.34,118.76
190.11,1.0,106.68,123.32
174.88,1.0,106.55,127.5
158.23,1.0,106.49,131.89
140.13,1.0,106.56,136.47
120.78,1.0,106.76,141.69
100.26,1.0,107.44,147.01
78.681,1.1995,108.23,152.27
55.787,6.324,110.08,152.62
31.862,11.191,112.02,153.57
7.3292,16.038,114.21,154.57
1.0,20.954,97.957,155.58
1.0,25.862,75.399,156.64
1.0,30.805,53.097,157.66
nan,nan,nan,nan
nan,nan,nan,nan
nan,nan,nan,nan
nan,nan,nan,nan
nan,nan,nan,nan
nan,nan,nan,nan
nan,nan,nan,nan
nan,nan,nan,nan
nan,nan,nan,nan
nan,nan,nan,nan
nan,nan,nan,nan
nan,nan,nan,nan
nan,nan,nan,nan
nan,nan,nan,nan
nan,nan,nan,nan
nan,nan,nan,nan
nan,nan,nan,nan
nan,nan,nan,nan
nan,nan,nan,nan
nan,nan,nan,nan
nan,nan,nan,nan
nan,nan,nan,nan
1.0,139.59,61.764,168.01
1.0,143.71,84.605,164.65
1.0,147.49,107.6,161.3
1.0,150.93,130.7,158.26
20.05,154.06,134.6,155.28
43.893,156.18,132.98,154.05
65.49,157.26,134.46,154.63
85.954,157.97,136.39,155.25
105.38,158.53,138.4,155.96
123.58,158.9,140.62,156.82
139.73,159.51,144.46,156.96
154.49,159.93,148.4,157.23
167.81,160.16,152.44,157.56
180.96,161.11,153.87,156.82
192.59,161.88,155.35,156.15
202.58,162.37,157.06,155.71
211.06,163.03,158.8,155.17
217.91,163.17,160.89,155.24
223.37,163.32,162.94,155.28
227.54,163.32,164.96,155.3
230.49,163.38,167.05,155.2
232.4,163.41,169.08,155.17
233.37,163.44,171.08,155.14
233.58,163.43,173.11,155.2
233.97,163.25,173.59,155.74
233.92,162.91,174.19,156.45
232.89,162.71,176.3,157.0
231.81,162.34,178.48,157.64
230.95,162.01,180.69,158.29
230.53,161.79,182.82,158.98
230.6,161.4,185.09,159.66
230.35,161.03,189.56,160.61
231.07,160.66,193.97,161.26
233.57,160.26,196.96,162.19
237.32,159.96,199.85,163.02
242.32,159.66,202.85,164.03
248.71,159.44,205.91,165.07
256.6,159.26,208.97,165.99
267.14,159.31,209.74,166.86
279.11,159.39,210.76,167.8
292.85,159.72,211.18,168.17
307.04,159.83,213.78,169.32
322.6,160.05,216.48,170.34
339.49,159.6,219.3,172.22
357.49,159.24,222.44,174.14
376.53,158.91,225.82,176.22
396.42,158.56,229.5,178.6
416.72,158.82,224.28,181.01
438.45,159.75,202.55,182.77
460.48,160.96,180.52,184.57
482.71,162.17,158.29,186.68
503.84,162.37,137.16,190.84
524.6,162.82,116.4,195.13
544.74,163.57,96.26,199.58
nan,nan,nan,nan
nan,nan,nan,nan
nan,nan,nan,nan
nan,nan,nan,nan
nan,nan,nan,nan
nan,nan,nan,nan
nan,nan,nan,nan
nan,nan,nan,nan
nan,nan,nan,nan
nan,nan,nan,nan
nan,nan,nan,nan
nan,nan,nan,nan
nan,nan,nan,nan
nan,nan,nan,nan
nan,nan,nan,nan
nan,nan,nan,nan
nan,nan,nan,nan
nan,nan,nan,nan
nan,nan,nan,nan
nan,nan,nan,nan
499.59,241.23,141.41,239.77
474.81,245.35,166.19,235.65
449.43,249.15,191.57,231.85
423.5,252.81,217.5,228.19
396.09,256.29,244.91,224.71
368.7,259.71,272.3,221.29
343.37,263.25,297.63,217.75
318.39,266.68,322.61,214.32
291.43,270.41,349.57,210.59
265.05,274.01,375.95,206.99
239.6,277.36,401.4,203.64
216.34,280.49,424.66,200.51
191.16,283.37,447.8,197.63
166.98,285.86,464.36,195.14
144.04,287.9,481.01,193.1
122.03,289.61,499.2,191.39
101.61,291.08,517.49,189.92
82.526,291.98,535.86,189.02
64.71,292.36,554.19,188.64
51.789,292.42,563.68,188.58
40.28,292.09,573.22,188.91
24.117,292.36,595.97,188.64
13.75,292.93,607.92,188.07
4.4332,292.17,618.78,188.83
1.0,290.58,634.61,190.42
1.0,288.27,640.0,192.73
1.0,284.82,640.0,196.18
1.0,280.91,640.0,200.09
1.0,275.57,640.0,205.43
1.0,269.69,640.0,211.31
1.0,263.64,640.0,217.36
1.0,258.68,640.0,222.32
1.0,252.1,640.0,228.9
1.0,248.6,640.0,232.4
1.0,248.36,640.0,232.64
1.0,246.28,640.0,234.72
1.0,246.24,640.0,234.76
1.0,245.68,640.0,235.32
1.0,244.43,640.0,236.57
1.0,245.19,640.0,235.81
1.0,240.59,640.0,240.41
1.0,233.12,640.0,247.88
1.0,223.38,640.0,257.62
1.0,212.21,608.98,268.79
1.0,201.57,574.94,279.43
1.0,188.72,542.07,292.28
1.0,176.8,509.95,304.2
1.0,164.12,475.17,316.88
1.0,151.25,440.18,329.75
1.0,142.76,407.05,338.24
1.0,134.32,375.94,346.68
1.0,125.78,342.76,355.22
1.0,119.61,310.88,361.39
nan,nan,nan,nan
nan,nan,nan,nan
nan,nan,nan,nan
nan,nan,nan,nan
nan,nan,nan,nan
nan,nan,nan,nan
nan,nan,nan,nan
nan,nan,nan,nan
nan,nan,nan,nan
nan,nan,nan,nan
nan,nan,nan,nan
nan,nan,nan,nan
nan,nan,nan,nan
nan,nan,nan,nan
nan,nan,nan,nan
nan,nan,nan,nan
nan,nan,nan,nan
nan,nan,nan,nan
nan,nan,nan,nan
nan,nan,nan,nan
nan,nan,nan,nan
1.0,99.228,110.54,333.44
1.0,102.82,127.84,319.46
1.0,107.98,145.51,303.0
1.0,111.97,165.31,289.61
1.0,116.1,185.72,276.67
1.0,121.29,205.85,262.15
1.0,126.44,226.02,248.32
1.0,128.55,247.07,240.88
1.0,130.67,267.76,233.88
13.473,131.58,275.73,229.7
35.549,132.49,273.13,225.79
56.603,133.42,270.68,222.26
75.609,133.31,269.37,220.98
93.237,133.29,268.2,219.85
109.36,133.26,267.18,218.87
125.07,133.71,263.95,217.14
139.22,134.22,260.77,215.45
151.74,134.67,257.77,214.0
162.7,135.2,254.85,212.55
172.11,135.71,252.1,211.16
179.99,136.23,249.45,209.87
186.59,136.57,246.7,208.99
190.58,136.46,246.77,209.13
193.44,136.34,246.88,209.32
196.81,135.68,244.16,210.59
199.32,135.02,241.65,211.87
201.23,134.28,239.13,213.29
202.8,133.56,236.49,214.68
204.15,132.84,233.94,216.01
205.48,132.05,231.42,217.46
206.81,130.2,229.11,221.22
207.37,128.92,229.29,223.79
208.47,127.61,229.58,226.38
210.35,126.27,229.85,228.99
213.05,124.85,230.25,231.75
216.97,123.36,230.5,234.54
222.03,121.87,230.82,237.33
228.46,121.39,231.1,237.89
237.14,119.68,229.67,241.04
247.21,117.82,228.25,244.34
258.74,115.85,227.04,247.81
271.82,113.82,225.76,251.25
286.31,111.02,224.63,256.17
302.19,108.01,223.72,261.32
319.37,104.7,223.05,266.82
337.06,102.39,224.2,269.93
355.82,99.857,225.63,273.25
375.54,97.073,227.53,276.71
396.05,93.901,229.89,280.65
417.26,91.072,223.74,283.39
439.0,87.989,202.0,286.3
461.14,84.598,179.86,289.39
483.32,80.826,157.68,292.78
505.51,76.665,135.49,296.38
527.93,72.1,113.07,300.34
549.91,67.26,91.09,304.27
nan,nan,nan,nan
nan,nan,nan,nan
nan,nan,nan,nan
nan,nan,nan,nan
nan,nan,nan,nan
nan,nan,nan,nan
nan,nan,nan,nan
nan,nan,nan,nan
nan,nan,nan,nan
nan,nan,nan,nan
nan,nan,nan,nan
nan,nan,nan,nan
nan,nan,nan,nan
nan,nan,nan,nan
nan,nan,nan,nan
nan,nan,nan,nan
nan,nan,nan,nan
nan,nan,nan,nan
nan,nan,nan,nan
nan,nan,nan,nan
552.54,1.0,88.455,263.01
530.89,1.0,110.11,255.95
508.71,1.0,132.29,248.94
485.73,1.0,155.27,241.85
462.7,1.0,178.3,235.18
439.86,1.0,201.14,228.92
417.31,1.0,223.69,222.71
395.31,1.0,231.93,216.68
373.97,1.0,231.22,210.71
353.44,1.0,230.9,204.87
334.43,1.0,229.81,199.75
316.51,1.0,229.07,194.77
299.72,1.0,228.76,189.72
283.58,1.0,230.07,184.67
268.84,1.0,231.57,179.79
255.59,1.0,233.1,175.21
243.9,1.0,234.57,170.87
233.64,1.0,236.2,166.82
224.84,1.0,237.89,163.12
217.35,1.0,239.73,159.71
210.89,1.0,242.25,157.08
205.61,1.0,244.72,154.76
201.43,1.0,247.27,152.87
198.19,1.0,249.73,151.34
195.72,1.0,252.22,150.19
193.86,1.0,254.71,149.42
192.07,1.0,257.82,149.65
191.54,1.0,258.83,150.06
191.1,1.0,259.68,150.91
190.39,1.0,260.53,152.18
189.41,1.0,261.21,153.81
187.88,1.0,261.82,155.85
185.5,1.0,262.45,158.26
182.62,1.0,262.21,160.48
178.71,1.0,261.87,163.08
173.62,1.0,261.47,165.96
167.13,1.0,261.2,169.18
159.25,1.0,260.93,172.67
149.79,1.0,260.8,176.5
138.93,1.0,260.5,180.57
126.35,1.0,260.49,184.91
112.14,1.0,260.67,189.59
96.282,1.0,261.16,194.53
79.049,1.0,261.67,200.09
60.246,1.0,262.64,205.92
40.076,1.0,263.72,212.04
18.488,1.0,265.29,218.34
1.0,1.0,261.98,224.78
1.0,1.0,240.46,230.44
1.0,1.0,218.39,236.27
1.0,1.0,195.95,241.77
1.0,1.0,173.39,247.35
1.0,1.0,150.36,252.68
1.0,1.0,127.71,258.15
1.0,1.0,105.46,263.87
nan,nan,nan,nan
nan,nan,nan,nan
nan,nan,nan,nan
nan,nan,nan,nan
nan,nan,nan,nan
nan,nan,nan,nan
nan,nan,nan,nan
nan,nan,nan,nan
nan,nan,nan,nan
nan,nan,nan,nan
nan,nan,nan,nan
nan,nan,nan,nan
nan,nan,nan,nan
nan,nan,nan,nan
nan,nan,nan,nan
nan,nan,nan,nan
nan,nan,nan,nan
nan,nan,nan,nan
nan,nan,nan,nan
1.0,45.424,94.174,341.41
1.0,47.935,116.72,342.97
1.0,50.229,140.16,344.34
1.0,53.019,163.81,344.08
1.0,55.465,187.87,344.0
1.0,57.578,212.02,344.04
1.0,57.95,237.26,346.92
1.0,59.825,261.19,346.5
1.0,60.396,285.1,348.09
1.0,60.574,308.38,350.13
9.3704,59.395,322.99,354.52
26.778,57.97,327.75,359.19
42.74,56.315,332.73,364.03
56.154,54.684,340.04,368.48
68.091,52.87,347.53,373.2
78.987,51.831,354.34,376.23
86.824,49.436,363.84,381.59
93.926,47.289,371.93,386.41
99.475,44.944,380.11,391.54
103.6,42.493,388.24,396.89
105.0,38.777,398.74,404.57
105.06,34.979,409.35,412.41
102.42,31.484,422.78,419.09
99.698,29.017,434.19,423.98
96.921,27.169,444.04,427.94
91.54,23.913,457.12,434.24
85.473,20.555,470.53,440.9
82.551,19.275,476.88,443.59
77.415,18.724,486.76,444.99
74.311,18.043,493.05,446.26
71.597,17.203,499.18,447.78
67.653,15.351,507.93,451.93
66.4,15.258,513.29,451.87
63.623,15.606,522.56,451.81
61.842,15.851,531.93,451.89
63.084,15.399,538.25,452.8
65.702,14.779,544.52,453.9
67.61,12.88,554.25,458.78
72.467,11.813,561.36,461.57
77.923,10.154,563.08,465.78
87.236,7.7331,553.76,470.59
97.89,5.2966,543.11,475.7
110.1,2.5871,530.9,478.41
122.27,1.0,518.73,480.0
137.54,1.0,503.46,480.0
153.85,1.0,487.15,480.0
172.07,1.0,468.93,480.0
190.2,1.0,450.8,480.0
209.08,1.0,431.92,480.0
228.33,1.0,412.67,480.0
249.1,1.0,391.9,480.0
270.06,1.0,370.94,480.0
290.99,1.0,350.01,480.0
311.77,1.0,329.23,480.0
332.58,1.0,308.42,480.0
nan,nan,nan,nan
nan,nan,nan,nan
nan,nan,nan,nan
nan,nan,nan,nan
nan,nan,nan,nan
nan,nan,nan,nan
nan,nan,nan,nan
nan,nan,nan,nan
nan,nan,nan,nan
nan,nan,nan,nan
nan,nan,nan,nan
nan,nan,nan,nan
nan,nan,nan,nan
nan,nan,nan,nan
nan,nan,nan,nan
nan,nan,nan,nan
nan,nan,nan,nan
nan,nan,nan,nan
nan,nan,nan,nan
nan,nan,nan,nan
nan,nan,nan,nan
nan,nan,nan,nan
nan,nan,nan,nan
nan,nan,nan,nan
336.56,97.666,304.44,383.33
317.17,107.04,323.83,373.96
297.86,116.09,343.14,364.91
281.5,125.98,359.5,355.02
264.51,134.65,376.49,346.35
248.38,142.92,392.62,338.08
230.33,150.56,410.67,330.44
213.1,157.89,427.9,323.11
198.13,166.65,442.87,314.35
184.35,175.02,456.65,305.98
169.12,181.95,464.47,299.05
155.39,188.54,462.55,292.46
144.22,195.76,458.9,285.24
134.6,202.58,455.38,278.42
126.72,209.09,451.76,271.91
119.58,214.95,449.48,266.05
113.87,220.5,447.26,260.5
109.47,225.65,445.13,255.35
108.3,232.11,439.32,248.89
106.99,237.25,435.98,243.75
106.79,242.03,432.38,238.97
108.57,247.6,426.39,233.4
110.56,251.13,420.98,229.87
113.09,254.31,415.41,226.69
117.15,258.94,407.33,222.06
119.42,261.46,402.65,219.54
121.88,264.92,397.18,216.08
124.06,267.94,391.64,213.06
124.85,270.38,387.53,210.62
124.86,272.52,383.54,208.48
124.06,275.75,379.27,205.25
120.88,276.77,377.33,204.23
117.24,278.63,373.94,202.37
111.8,278.84,371.4,202.16
104.86,278.78,368.99,202.22
96.032,277.49,367.33,203.51
86.367,277.21,364.27,203.79
75.083,275.06,361.39,205.94
62.22,272.69,358.6,208.31
47.004,268.94,357.38,212.06
30.729,266.2,355.44,214.8
13.046,263.29,353.54,217.71
1.0,260.16,345.03,220.84
1.0,256.78,324.38,224.22
1.0,253.35,302.95,227.65
1.0,249.77,280.96,231.23
1.0,246.12,258.52,234.88
1.0,241.06,236.38,239.94
1.0,236.02,214.22,244.98
1.0,230.87,192.23,250.13
1.0,225.85,169.83,255.15
1.0,220.26,148.0,260.74
nan,nan,nan,nan
nan,nan,nan,nan
nan,nan,nan,nan
nan,nan,nan,nan
nan,nan,nan,nan
nan,nan,nan,nan
nan,nan,nan,nan
nan,nan,nan,nan
nan,nan,nan,nan
nan,nan,nan,nan
nan,nan,nan,nan
nan,nan,nan,nan
nan,nan,nan,nan
nan,nan,nan,nan
nan,nan,nan,nan
nan,nan,nan,nan
nan,nan,nan,nan
nan,nan,nan,nan
nan,nan,nan,nan
1.0,123.2,102.59,285.97
1.0,122.2,121.81,281.37
1.0,121.44,141.86,276.91
1.0,120.94,162.54,272.6
1.0,120.66,183.61,268.41
1.0,120.53,204.82,264.5
1.0,120.87,226.18,260.11
1.0,121.43,247.28,255.81
1.0,122.06,266.77,251.76
16.81,122.59,269.71,248.16
40.562,123.08,263.94,245.0
62.96,123.58,258.52,242.07
83.875,124.17,253.49,239.33
102.61,124.18,250.12,238.14
120.79,124.15,244.93,237.19
136.18,124.13,242.29,236.41
150.86,124.53,237.99,234.97
164.01,124.96,233.75,233.61
175.54,125.41,229.69,232.39
185.51,125.8,225.69,231.31
194.03,125.98,221.82,230.52
200.18,126.14,220.09,229.79
205.07,126.34,218.28,229.12
209.66,126.78,215.01,228.08
213.28,127.23,211.68,227.09
216.15,127.64,208.35,226.15
218.38,128.13,205.11,225.14
220.25,128.58,201.82,224.19
223.22,128.87,195.83,223.79
226.23,129.07,189.79,223.41
227.73,128.68,187.23,224.2
229.63,128.29,184.72,224.99
232.18,127.94,182.07,225.7
236.82,128.05,176.72,225.54
242.34,128.12,171.44,225.52
247.61,128.41,168.89,224.82
254.96,128.62,164.54,224.21
263.61,128.9,160.2,223.53
273.62,129.08,155.88,222.96
285.12,129.13,151.51,222.5
297.8,129.77,147.87,220.68
311.98,130.29,144.18,219.05
327.59,130.72,140.64,217.39
343.73,130.93,139.07,215.97
361.17,131.14,137.63,214.43
379.91,131.04,136.36,213.22
399.86,130.78,135.13,212.05
421.06,129.42,133.59,212.83
443.24,127.75,132.17,213.83
466.08,125.84,130.98,214.99
489.54,123.78,129.94,216.19
513.32,121.39,127.68,217.55
537.34,118.73,103.66,219.02
561.28,115.78,79.72,220.7
583.63,112.36,57.37,222.74
nan,nan,nan,nan
nan,nan,nan,nan
nan,nan,nan,nan
nan,nan,nan,nan
nan,nan,nan,nan
nan,nan,nan,nan
nan,nan,nan,nan
nan,nan,nan,nan
nan,nan,nan,nan
nan,nan,nan,nan
nan,nan,nan,nan
nan,nan,nan,nan
nan,nan,nan,nan
nan,nan,nan,nan
nan,nan,nan,nan
nan,nan,nan,nan
nan,nan,nan,nan
nan,nan,nan,nan
nan,nan,nan,nan
nan,nan,nan,nan
nan,nan,nan,nan
nan,nan,nan,nan
579.02,1.7368,61.978,212.35
554.33,1.0,86.67,207.47
529.35,1.0,111.65,201.9
503.38,1.0,137.62,196.97
478.52,1.0,152.51,191.83
454.11,1.0,155.49,186.74
429.55,1.0,160.08,182.05
406.86,1.0,162.52,177.17
385.01,1.0,165.24,172.4
363.52,1.0,169.73,168.02
344.19,1.0,172.12,163.27
326.06,1.0,174.8,158.68
309.34,1.0,177.56,154.29
293.74,1.0,180.99,150.1
279.55,1.0,184.59,146.16
266.86,1.0,188.26,142.45
256.45,1.0,190.3,138.81
247.41,1.0,192.51,135.44
239.83,1.0,194.66,132.41
233.55,1.0,196.76,129.73
229.42,1.0,197.03,127.18
225.47,1.0,199.13,126.26
222.47,1.0,201.22,125.79
220.22,1.0,203.27,125.67
218.68,1.0,205.23,126.02
217.51,1.0,207.14,126.7
216.34,1.0,209.47,128.96
215.17,1.0,211.76,131.62
214.77,1.0,212.15,133.39
213.94,1.0,212.52,135.54
212.58,1.0,212.86,138.08
210.39,1.0,213.24,141.01
207.32,1.0,213.52,144.29
203.73,1.0,212.74,147.66
198.87,1.0,211.97,151.32
192.75,1.0,211.17,155.46
185.23,1.0,210.34,159.95
176.15,1.0,209.59,164.76
165.58,1.0,208.94,169.77
153.44,1.0,208.35,175.11
138.36,1.0,210.5,181.18
121.77,1.0,212.76,187.46
103.62,1.0,215.23,193.93
84.443,1.0,217.02,199.82
63.837,1.0,219.11,205.93
41.159,1.0,222.92,213.13
17.296,1.0,227.09,220.41
1.0,1.0,222.07,226.38
1.0,1.0,200.25,234.27
1.0,1.0,178.08,242.46
1.0,1.0,156.17,251.98
1.0,1.0,134.53,262.01
1.0,1.0,112.58,271.27
nan,nan,nan,nan
nan,nan,nan,nan
nan,nan,nan,nan
nan,nan,nan,nan
nan,nan,nan,nan
nan,nan,nan,nan
nan,nan,nan,nan
nan,nan,nan,nan
nan,nan,nan,nan
nan,nan,nan,nan
nan,nan,nan,nan
nan,nan,nan,nan
nan,nan,nan,nan
nan,nan,nan,nan
nan,nan,nan,nan
nan,nan,nan,nan
nan,nan,nan,nan
nan,nan,nan,nan
nan,nan,nan,nan
nan,nan,nan,nan
nan,nan,nan,nan
1.0,13.847,108.39,410.44
1.0,16.725,130.85,410.71
1.0,19.22,153.87,411.0
1.0,21.416,177.37,411.46
1.0,23.304,200.99,411.95
1.0,24.858,224.51,412.56
1.0,24.901,248.58,415.69
1.0,26.123,271.76,416.1
6.6147,26.924,288.7,416.95
26.531,27.446,290.51,417.93
44.104,27.644,294.62,419.35
60.283,27.552,299.05,421.04
74.967,27.203,303.85,422.96
87.635,25.822,309.63,426.71
98.663,24.32,315.7,430.51
108.1,22.655,321.94,434.4
113.66,18.349,332.66,443.58
119.79,15.12,339.5,450.25
124.28,11.933,346.55,457.79
127.29,8.3022,353.67,466.1
128.31,5.3349,362.13,472.24
128.11,2.3805,370.64,478.28
126.75,1.0,379.23,480.0
123.99,1.0,388.83,480.0
120.55,1.0,398.31,480.0
116.7,1.0,407.58,480.0
109.36,1.0,422.37,480.0
103.79,1.0,433.46,480.0
96.361,1.0,448.03,480.0
87.539,1.0,465.68,480.0
81.796,1.0,478.28,480.0
76.61,1.0,491.04,480.0
72.183,1.0,503.93,480.0
71.612,1.0,511.88,480.0
72.326,1.0,519.89,480.0
76.045,1.0,524.69,480.0
81.164,1.0,528.15,480.0
87.527,1.0,531.84,480.0
95.312,1.0,535.77,480.0
104.54,1.0,536.46,480.0
115.3,1.0,525.7,480.0
125.66,1.0,515.34,480.0
137.45,1.0,503.55,480.0
152.09,1.0,488.91,480.0
169.51,1.0,471.49,480.0
188.18,1.0,452.82,480.0
207.63,1.0,433.37,480.0
227.78,1.0,413.22,480.0
249.82,1.0,391.18,480.0
272.22,1.0,368.78,480.0
293.44,1.0,347.56,480.0
313.14,1.0,327.86,480.0
332.25,1.0,308.75,480.0
347.79,1.0,293.21,480.0
nan,nan,nan,nan
nan,nan,nan,nan
nan,nan,nan,nan
nan,nan,nan,nan
nan,nan,nan,nan
nan,nan,nan,nan
nan,nan,nan,nan
nan,nan,nan,nan
nan,nan,nan,nan
nan,nan,nan,nan
nan,nan,nan,nan
nan,nan,nan,nan
nan,nan,nan,nan
nan,nan,nan,nan
nan,nan,nan,nan
nan,nan,nan,nan
nan,nan,nan,nan
nan,nan,nan,nan
nan,nan,nan,nan
nan,nan,nan,nan
nan,nan,nan,nan
nan,nan,nan,nan
nan,nan,nan,nan
nan,nan,nan,nan
nan,nan,nan,nan
233.49,120.76,407.51,360.24
214.9,129.51,426.1,351.49
196.63,137.71,444.37,343.29
176.27,146.56,464.73,334.44
156.57,154.84,484.43,326.16
136.23,163.02,504.77,317.98
117.16,168.37,523.84,312.63
99.133,173.31,541.87,307.69
81.025,177.08,559.98,303.92
64.139,180.62,576.86,300.38
48.732,183.72,592.27,297.28
35.39,184.39,605.61,296.61
23.429,184.83,617.57,296.17
12.861,187.13,628.14,293.87
3.8682,189.0,637.13,292.0
1.0,190.22,640.0,290.77
1.0,191.14,640.0,289.86
1.0,191.5,640.0,289.5
1.0,191.42,640.0,289.58
1.0,190.96,640.0,290.04
1.0,189.88,640.0,291.12
1.0,188.65,640.0,292.35
1.0,186.82,637.02,294.18
1.0,184.04,633.0,296.96
1.0,180.84,628.62,300.16
1.0,179.19,623.71,301.81
1.0,176.99,618.21,304.01
1.0847,174.51,612.13,306.49
1.9595,171.57,604.42,309.43
6.7321,168.34,590.49,312.66
6.7508,165.21,581.15,315.79
8.2308,163.16,569.08,317.84
8.206,160.74,556.93,320.26
6.4763,157.91,545.39,323.09
4.9059,157.55,532.25,323.45
1.6711,156.87,519.4,324.13
1.0,155.78,504.12,325.22
1.0,155.98,487.09,325.02
1.0,154.59,469.3,326.41
1.0,152.87,450.51,328.13
1.0,153.14,430.21,327.86
1.0,150.34,409.27,330.66
1.0,147.27,387.64,333.73
1.0,147.22,365.39,333.78
1.0,145.03,342.3,335.97
1.0,142.81,319.31,338.19
1.0,142.5,296.88,338.5
1.0,139.57,274.89,341.43
1.0,139.58,253.35,341.42
nan,nan,nan,nan
nan,nan,nan,nan
nan,nan,nan,nan
nan,nan,nan,nan
nan,nan,nan,nan
nan,nan,nan,nan
nan,nan,nan,nan
nan,nan,nan,nan
nan,nan,nan,nan
nan,nan,nan,nan
nan,nan,nan,nan
nan,nan,nan,nan
nan,nan,nan,nan
nan,nan,nan,nan
nan,nan,nan,nan
nan,nan,nan,nan
nan,nan,nan,nan
nan,nan,nan,nan
nan,nan,nan,nan
nan,nan,nan,nan
1.0,82.957,150.21,370.0
1.0,82.616,168.55,362.41
1.0,83.487,187.2,354.41
1.0,84.556,206.74,346.56
1.0,85.723,227.12,338.9
1.0,86.906,247.94,331.44
1.0,88.221,269.01,324.29
1.0,89.552,290.18,317.35
1.0,90.888,311.09,310.95
1.0,91.362,332.39,305.38
1.0,91.763,353.18,299.96
1.0,91.941,371.49,298.91
1.0,91.099,389.57,300.44
6.9659,90.135,400.64,302.18
28.267,89.585,393.24,303.16
47.685,88.892,386.51,304.35
65.29,88.146,380.21,305.68
81.204,87.583,373.99,306.73
93.735,87.182,371.52,308.08
104.55,86.845,369.29,309.45
113.79,86.473,367.07,310.86
122.06,87.083,363.91,309.8
128.93,87.723,360.82,308.9
134.57,88.339,357.67,307.85
139.05,89.029,354.56,306.82
142.56,89.655,351.49,305.8
145.18,90.187,348.59,304.99
150.52,91.598,339.16,301.53
153.04,91.731,334.66,301.38
155.53,91.982,329.8,300.77
157.98,92.145,325.06,300.33
160.53,92.417,320.49,299.98
163.54,92.562,315.86,299.52
167.27,92.888,310.95,298.69
170.61,88.801,308.5,307.04
174.8,84.604,306.17,315.41
180.08,80.535,303.9,323.71
186.54,76.437,301.73,332.16
194.36,72.373,299.46,340.35
204.87,65.881,294.57,353.0
216.66,58.753,290.04,366.42
227.67,53.327,290.13,376.61
240.21,47.699,290.31,386.98
254.09,41.766,290.84,397.72
269.11,35.594,292.04,409.04
285.48,29.206,293.5,420.55
301.8,25.675,298.11,427.23
319.89,17.443,301.73,441.19
338.93,10.905,302.07,452.11
357.79,1.8155,283.21,467.46
377.09,1.0,263.91,474.81
397.08,1.0,243.92,480.0
417.32,1.0,223.68,480.0
437.63,1.0,203.37,480.0
457.13,1.0,183.87,480.0
475.68,1.0,165.32,480.0
494.49,1.0,146.51,480.0
nan,nan,nan,nan
nan,nan,nan,nan
nan,nan,nan,nan
nan,nan,nan,nan
nan,nan,nan,nan
nan,nan,nan,nan
nan,nan,nan,nan
nan,nan,nan,nan
nan,nan,nan,nan
nan,nan,nan,nan
nan,nan,nan,nan
nan,nan,nan,nan
nan,nan,nan,nan
nan,nan,nan,nan
nan,nan,nan,nan
nan,nan,nan,nan
nan,nan,nan,nan
nan,nan,nan,nan
nan,nan,nan,nan
nan,nan,nan,nan
nan,nan,nan,nan
nan,nan,nan,nan
407.6,1.0,233.4,399.75
386.45,1.0,254.54,389.15
366.44,1.0,274.56,377.12
346.18,1.0,294.82,365.31
326.28,1.0,314.72,354.15
307.83,1.0,333.17,342.34
289.9,1.0,351.1,330.86
271.85,1.0,369.15,319.94
255.65,1.0,385.35,308.44
239.24,1.0,390.64,299.04
224.43,1.0,385.65,288.92
211.12,1.0,380.92,279.3
197.77,1.0,378.21,270.01
185.94,1.0,375.88,261.11
175.75,1.0,373.41,252.49
166.9,1.0,371.49,244.74
160.62,1.0,367.83,236.7
155.35,1.0,364.28,230.68
152.69,1.0,359.13,222.8
150.3,1.0,355.28,216.51
149.56,1.0,351.08,208.29
150.04,1.0,346.85,200.81
150.81,1.0,342.67,192.88
151.4,1.0,340.15,186.1
153.15,1.0,336.51,179.13
153.93,1.0,334.57,174.18
155.27,1.0,331.91,168.66
156.17,1.0,329.57,165.33
157.8,1.0,324.97,161.76
158.99,1.0,320.02,160.22
159.56,1.0,314.84,157.64
158.63,1.0,310.74,156.42
157.64,1.0,304.81,154.96
154.94,1.0,299.58,154.81
150.87,1.0,294.35,154.95
144.96,1.0,290.05,155.05
137.25,1.0,286.54,155.81
127.78,1.0,283.35,158.15
117.68,1.0,278.5,159.99
104.93,1.0,275.6,162.66
90.648,1.0,272.79,165.58
76.182,1.0,268.08,168.69
59.316,1.0,265.13,172.85
41.024,1.0,262.46,177.02
22.473,1.0,258.3,180.76
1.7397,1.0,256.24,185.39
1.0,1.0,233.54,190.01
1.0,1.0,209.57,194.83
1.0,1.0,186.13,199.71
1.0,1.0,162.53,204.59
1.0,1.0,139.12,209.72
1.0,1.0,116.63,215.37
1.0,1.0,94.674,221.76
nan,nan,nan,nan
nan,nan,nan,nan
nan,nan,nan,nan
nan,nan,nan,nan
nan,nan,nan,nan
nan,nan,nan,nan
nan,nan,nan,nan
nan,nan,nan,nan
nan,nan,nan,nan
nan,nan,nan,nan
nan,nan,nan,nan
nan,nan,nan,nan
nan,nan,nan,nan
nan,nan,nan,nan
nan,nan,nan,nan
nan,nan,nan,nan
nan,nan,nan,nan
nan,nan,nan,nan
nan,nan,nan,nan
nan,nan,nan,nan
1.0,115.68,67.234,213.75
1.0,120.01,89.338,211.67
1.0,124.04,111.96,209.47
1.0,127.09,133.77,207.17
1.0,129.89,155.63,205.02
1.0,132.29,177.37,202.96
19.503,134.37,180.21,201.07
43.722,136.21,176.78,199.29
66.832,137.68,173.74,197.81
88.884,138.96,170.87,196.41
108.6,140.41,170.38,195.54
127.04,141.74,169.83,194.78
144.88,143.09,167.76,193.27
161.3,144.21,165.7,191.76
176.2,145.14,163.7,190.45
189.48,145.88,161.82,189.15
202.06,146.14,158.39,188.97
213.02,146.16,155.05,188.89
222.24,146.18,152.29,188.84
229.65,145.91,150.56,189.76
235.6,145.56,149.03,190.64
240.3,145.07,147.72,191.74
243.67,144.08,146.76,193.77
245.19,143.59,147.69,194.9
245.94,143.01,148.6,196.04
246.05,142.5,149.63,197.25
245.78,141.87,150.67,198.48
245.23,141.26,151.88,199.82
244.75,140.68,152.94,201.1
244.75,140.51,153.54,201.54
245.02,139.25,154.18,204.01
245.76,137.97,155.16,206.77
247.2,136.6,156.18,209.52
249.38,135.15,157.59,212.49
252.6,133.67,159.02,215.52
256.98,132.34,160.48,218.46
262.74,130.98,161.95,221.51
269.85,130.76,163.65,222.65
278.47,130.51,165.25,223.79
288.63,130.37,166.89,224.95
300.06,130.52,168.88,225.47
312.98,130.76,170.88,226.16
327.33,131.05,173.09,226.97
342.91,131.19,175.63,228.08
359.77,131.05,178.24,229.74
377.69,131.14,181.27,231.41
397.9,129.68,181.69,235.45
419.38,129.03,181.8,239.08
441.62,128.44,182.07,243.02
464.43,127.87,176.57,247.18
487.7,127.44,153.3,251.47
511.07,127.0,129.93,256.18
534.45,126.84,106.55,260.84
556.01,128.36,84.988,263.78
576.83,130.27,64.167,266.81
nan,nan,nan,nan
nan,nan,nan,nan
nan,nan,nan,nan
nan,nan,nan,nan
nan,nan,nan,nan
nan,nan,nan,nan
nan,nan,nan,nan
nan,nan,nan,nan
nan,nan,nan,nan
nan,nan,nan,nan
nan,nan,nan,nan
nan,nan,nan,nan
nan,nan,nan,nan
nan,nan,nan,nan
nan,nan,nan,nan
nan,nan,nan,nan
nan,nan,nan,nan
nan,nan,nan,nan
nan,nan,nan,nan
nan,nan,nan,nan
nan,nan,nan,nan
574.69,247.8,66.308,233.2
551.36,254.68,89.637,226.32
527.88,261.42,113.12,219.58
504.57,268.32,136.43,212.68
481.46,275.0,145.21,206.0
459.2,280.97,143.85,200.03
437.48,286.77,142.72,194.23
416.58,292.54,141.8,188.46
397.6,299.05,139.08,181.95
379.77,305.51,136.52,175.49
362.97,311.68,134.07,169.32
347.42,317.7,131.76,163.3
333.29,323.6,129.69,157.4
320.67,329.15,127.54,151.85
309.41,334.6,125.53,146.4
298.69,338.79,125.66,142.21
289.27,343.12,125.66,137.88
281.2,347.24,125.77,133.76
274.59,350.88,125.81,130.12
269.21,354.33,125.94,126.67
265.07,357.39,125.96,123.61
262.07,360.06,125.96,120.94
259.68,362.63,126.29,118.37
258.38,364.42,126.58,116.58
257.7,365.84,126.89,115.16
257.13,367.4,127.71,113.6
256.81,368.45,128.49,112.55
256.55,369.08,129.28,111.92
256.19,369.25,130.02,111.75
256.78,368.09,127.52,112.91
256.89,366.57,125.01,114.43
256.37,364.6,122.43,116.4
255.63,361.28,118.02,119.72
253.88,357.52,113.68,123.48
251.01,353.48,109.28,127.52
246.96,349.0,104.87,132.0
240.21,344.82,103.47,136.18
231.04,340.19,103.11,140.81
221.16,335.15,101.14,145.85
208.76,330.12,101.28,150.88
194.72,324.99,101.65,156.01
179.14,319.43,102.12,161.57
162.05,313.82,102.83,167.18
143.51,307.95,103.77,173.05
122.35,301.04,107.52,179.96
99.118,294.41,113.03,186.59
74.741,287.61,118.83,193.39
49.358,280.74,124.91,200.26
23.115,273.6,131.36,207.4
1.0,266.42,133.31,214.58
1.0,259.14,113.03,221.86
1.0,252.46,91.514,228.54
1.0,245.67,70.397,235.33
nan,nan,nan,nan
nan,nan,nan,nan
nan,nan,nan,nan
nan,nan,nan,nan
nan,nan,nan,nan
nan,nan,nan,nan
nan,nan,nan,nan
nan,nan,nan,nan
nan,nan,nan,nan
nan,nan,nan,nan
nan,nan,nan,nan
nan,nan,nan,nan
nan,nan,nan,nan
nan,nan,nan,nan
nan,nan,nan,nan
nan,nan,nan,nan
nan,nan,nan,nan
nan,nan,nan,nan
nan,nan,nan,nan
nan,nan,nan,nan
nan,nan,nan,nan
1.0,149.08,84.616,231.32
1.0,147.47,107.56,228.53
1.0,146.18,130.97,225.82
1.0,145.13,154.75,223.14
1.0,144.17,178.42,220.62
1.0,143.41,202.0,218.23
1.0,142.74,225.23,216.09
13.004,142.17,235.9,214.05
34.605,141.73,236.03,212.41
55.067,141.28,236.45,211.0
74.253,140.93,237.15,209.78
92.08,140.61,238.06,208.69
108.48,140.34,239.09,207.75
123.32,140.11,240.43,206.92
134.63,139.62,245.65,205.98
145.12,139.61,249.66,205.47
154.02,139.53,253.7,205.12
161.63,138.92,257.28,205.7
167.83,138.34,260.82,206.37
172.59,137.75,264.37,207.11
175.81,137.15,268.1,207.85
180.13,136.74,267.78,209.03
183.16,136.0,267.7,210.51
185.34,135.33,267.42,211.89
186.37,135.13,267.79,212.31
185.71,134.74,270.38,213.08
184.78,134.4,272.74,213.67
183.53,134.05,275.26,214.37
182.28,133.65,277.8,215.13
181.22,133.25,280.44,215.96
180.59,132.85,283.03,216.77
179.33,131.46,287.97,219.25
179.86,130.25,290.82,221.56
181.43,129.01,293.57,223.83
184.03,127.71,296.5,226.27
187.86,126.33,299.38,228.62
192.95,124.85,302.44,231.17
198.74,122.94,307.06,234.65
207.07,121.78,309.51,236.46
216.99,120.51,311.99,238.43
226.95,117.93,317.51,242.86
238.47,115.17,323.05,247.68
251.25,112.24,329.09,252.54
264.48,108.8,337.31,258.76
279.67,105.48,344.55,263.61
295.95,101.96,345.05,268.82
312.46,97.006,328.54,276.81
331.01,92.903,309.99,282.55
349.32,87.629,291.68,290.44
367.88,81.902,273.12,298.89
386.44,75.211,254.56,308.42
404.8,68.082,236.2,318.29
422.94,60.343,218.06,328.62
439.84,51.757,201.16,340.17
455.97,42.444,185.03,352.2
471.21,32.993,169.79,364.22
485.34,22.923,155.66,376.55
nan,nan,nan,nan
nan,nan,nan,nan
nan,nan,nan,nan
nan,nan,nan,nan
nan,nan,nan,nan
nan,nan,nan,nan
nan,nan,nan,nan
nan,nan,nan,nan
nan,nan,nan,nan
nan,nan,nan,nan
nan,nan,nan,nan
nan,nan,nan,nan
nan,nan,nan,nan
nan,nan,nan,nan
nan,nan,nan,nan
nan,nan,nan,nan
nan,nan,nan,nan
nan,nan,nan,nan
nan,nan,nan,nan
nan,nan,nan,nan
299.5,1.0,341.5,336.05
272.07,1.0,368.93,330.9
245.51,1.0,395.49,323.19
218.78,1.0,422.22,315.64
190.4,1.0,450.6,313.09
162.27,1.0,478.73,310.71
137.06,1.0,503.94,304.86
112.25,1.0,528.75,299.08
88.369,1.0,552.63,298.51
65.348,1.0,575.65,297.97
43.336,1.0,597.66,297.68
24.092,1.0,616.91,293.37
6.2286,1.0,634.77,289.35
1.0,1.0,640.0,290.52
1.0,1.0,640.0,292.01
1.0,1.0,640.0,289.85
1.0,1.0,640.0,288.24
1.0,1.0,640.0,286.7
1.0,1.0,640.0,287.81
1.0,1.0,640.0,288.96
1.0,1.0,640.0,286.26
1.0,1.0,640.0,284.0
1.0,1.0,640.0,281.25
1.0,1.0,640.0,278.63
1.0,1.0,640.0,276.22
1.0,1.0,640.0,272.35
1.0,1.0,640.0,271.86
1.0,1.0,640.0,270.97
1.0,1.0,640.0,269.42
1.0,1.0,636.36,269.01
6.3407,1.0,620.64,269.21
15.683,1.0,595.91,268.45
24.078,1.0,571.43,268.47
30.588,1.0,546.8,265.42
35.619,1.0,522.71,263.09
37.872,1.0,501.35,261.33
40.766,1.0,475.84,259.35
42.382,1.0,450.46,257.51
41.43,1.0,426.86,257.08
38.867,1.0,403.73,256.79
31.69,1.0,386.74,258.18
24.863,1.0,366.58,257.87
14.2,1.0,351.38,259.29
2.0075,1.0,336.72,259.8
1.0,1.0,310.2,260.36
1.0,1.0,283.81,261.66
1.0,1.0,256.87,263.05
1.0,1.0,227.88,262.41
1.0,1.0,200.28,263.73
1.0,1.0,170.26,263.01
1.0,1.0,142.43,264.62
1.0,1.0,112.75,265.31
nan,nan,nan,nan
nan,nan,nan,nan
nan,nan,nan,nan
nan,nan,nan,nan
nan,nan,nan,nan
nan,nan,nan,nan
nan,nan,nan,nan
nan,nan,nan,nan
nan,nan,nan,nan
nan,nan,nan,nan
nan,nan,nan,nan
nan,nan,nan,nan
nan,nan,nan,nan
nan,nan,nan,nan
nan,nan,nan,nan
nan,nan,nan,nan
nan,nan,nan,nan
nan,nan,nan,nan
nan,nan,nan,nan
nan,nan,nan,nan
nan,nan,nan,nan
nan,nan,nan,nan
1.0,152.18,28.927,142.49
1.0,157.65,50.762,136.48
8.7366,161.42,65.248,133.35
34.088,165.55,61.857,128.99
59.155,169.4,58.511,124.78
83.578,172.93,55.447,120.74
106.36,175.29,54.297,118.67
128.23,177.39,53.321,116.73
149.34,179.96,51.86,113.57
169.31,182.36,50.435,110.52
187.74,183.85,49.656,108.92
204.76,185.22,48.986,107.34
220.36,186.48,48.318,105.81
234.45,187.61,47.715,104.33
247.07,188.64,47.093,102.94
257.77,189.69,47.291,101.31
266.95,190.76,47.503,99.63
274.72,191.71,47.661,98.023
281.06,192.6,47.864,96.438
286.11,193.47,48.034,94.858
289.91,194.32,48.323,93.252
292.65,195.08,48.612,91.75
294.58,195.07,48.67,91.758
295.79,195.14,48.615,91.68
296.41,195.15,48.602,91.657
296.66,195.13,48.612,91.68
296.65,195.14,48.665,91.666
296.69,195.12,48.641,91.682
296.96,195.17,48.549,91.616
297.6,195.18,48.55,91.604
298.76,195.15,48.636,91.664
300.75,195.16,48.572,91.663
303.61,195.21,48.631,91.636
307.59,195.22,48.563,91.666
312.74,195.29,48.545,91.68
319.19,195.4,48.584,91.694
327.0,195.58,48.617,91.678
336.32,195.74,48.587,91.718
347.32,196.82,48.161,90.071
359.85,197.98,47.723,88.386
373.83,199.24,47.355,86.719
389.27,200.5,47.005,85.148
406.1,201.87,46.688,83.588
424.28,203.34,46.346,82.057
443.59,204.92,46.197,80.575
463.81,205.74,46.544,80.912
484.92,206.68,47.021,81.297
506.89,207.74,47.472,81.797
529.53,209.01,47.996,82.288
552.7,210.44,48.372,82.885
576.13,212.04,48.792,83.544
599.6,213.87,41.4,84.263
622.83,215.93,18.168,85.014
nan,nan,nan,nan
nan,nan,nan,nan
nan,nan,nan,nan
nan,nan,nan,nan
nan,nan,nan,nan
nan,nan,nan,nan
nan,nan,nan,nan
nan,nan,nan,nan
nan,nan,nan,nan
nan,nan,nan,nan
nan,nan,nan,nan
nan,nan,nan,nan
nan,nan,nan,nan
nan,nan,nan,nan
nan,nan,nan,nan
nan,nan,nan,nan
nan,nan,nan,nan
nan,nan,nan,nan
nan,nan,nan,nan
nan,nan,nan,nan
nan,nan,nan,nan
nan,nan,nan,nan
619.26,329.54,21.736,81.98
596.06,335.85,44.94,80.335
572.91,341.72,55.307,79.529
549.76,347.59,54.299,78.744
527.01,352.88,53.065,79.057
504.62,358.12,52.061,79.424
482.93,363.28,51.014,79.862
462.01,368.43,50.104,80.265
442.07,373.42,49.231,80.812
422.84,378.74,49.233,80.603
404.74,383.88,49.359,80.481
388.0,388.93,49.537,80.347
372.43,394.19,50.166,79.476
358.22,399.29,50.93,78.553
345.52,404.14,51.732,76.86
334.3,408.78,52.592,72.218
324.76,413.07,53.09,67.925
316.61,417.01,53.698,63.99
309.88,420.59,54.24,60.409
304.74,423.44,54.231,57.56
300.77,425.87,54.311,55.128
297.86,428.0,54.373,52.997
295.91,429.68,54.353,51.32
294.72,430.97,54.344,50.026
294.07,431.97,54.398,49.03
293.85,432.6,54.389,48.4
293.81,432.83,54.416,48.166
293.5,432.09,54.963,48.906
292.99,430.93,55.48,50.067
291.7,429.81,56.856,51.187
289.83,428.24,58.156,52.76
287.2,426.27,59.491,54.725
283.66,423.87,60.782,57.128
279.09,421.15,62.029,59.848
273.97,418.73,61.995,62.27
267.53,415.92,61.933,65.08
260.11,412.45,61.085,68.55
251.22,408.63,60.244,72.365
240.31,405.05,60.491,75.886
227.83,401.25,60.854,74.642
213.87,397.18,61.124,73.427
198.02,392.87,62.275,72.394
180.67,388.33,63.593,71.563
162.02,383.65,64.822,70.687
142.03,378.85,66.265,69.918
121.45,373.48,66.656,70.131
99.781,367.95,67.169,70.534
77.275,362.43,67.742,70.855
53.991,356.79,68.509,71.322
30.357,350.72,69.011,72.598
6.3768,344.56,69.688,74.002
1.0,338.4,51.695,75.364
1.0,332.23,28.559,76.692
nan,nan,nan,nan
nan,nan,nan,nan
nan,nan,nan,nan
nan,nan,nan,nan
nan,nan,nan,nan
nan,nan,nan,nan
nan,nan,nan,nan
nan,nan,nan,nan
nan,nan,nan,nan
nan,nan,nan,nan
nan,nan,nan,nan
nan,nan,nan,nan
nan,nan,nan,nan
nan,nan,nan,nan
nan,nan,nan,nan
nan,nan,nan,nan
nan,nan,nan,nan
nan,nan,nan,nan
nan,nan,nan,nan
nan,nan,nan,nan
nan,nan,nan,nan
nan,nan,nan,nan
1.0,221.12,30.334,74.813
1.0,218.85,53.352,74.444
4.8555,216.81,72.783,74.102
28.892,215.0,72.017,73.766
52.179,212.88,72.174,74.541
74.959,210.98,72.396,75.36
97.015,209.21,72.748,76.29
118.2,207.59,73.128,77.197
138.34,206.15,73.632,78.146
157.32,204.84,74.216,79.088
174.99,203.62,74.912,80.121
191.84,203.13,74.61,79.923
207.24,202.72,74.361,79.747
221.15,202.37,74.19,79.598
232.89,201.46,75.316,80.798
243.08,200.67,76.529,81.95
251.78,199.86,77.752,83.15
259.02,199.07,78.965,84.389
264.83,198.31,80.262,85.759
269.36,197.65,81.521,86.899
272.67,196.91,82.807,88.317
275.04,196.79,83.847,88.476
276.48,196.6,84.865,88.812
277.18,196.5,85.875,88.976
277.29,196.36,86.897,89.268
276.99,196.26,87.94,89.477
276.5,196.12,88.997,89.773
276.02,196.01,90.046,89.964
276.26,195.99,90.046,90.038
276.89,195.97,90.056,90.034
278.08,195.91,90.085,90.088
280.04,195.87,90.113,90.146
282.15,195.42,91.658,90.923
285.31,194.99,93.222,91.691
289.69,194.52,94.797,92.44
295.36,194.02,96.396,93.255
302.42,193.43,97.974,94.125
310.7,192.21,100.03,96.275
320.43,190.87,102.21,98.431
332.4,189.82,102.91,99.904
345.87,188.68,103.65,101.38
360.75,187.39,104.5,103.02
377.0,186.04,105.47,104.55
394.56,184.5,106.53,106.27
413.52,183.43,107.21,106.72
433.54,182.12,108.04,107.29
454.49,180.7,109.02,107.89
476.19,178.98,110.14,108.61
498.5,177.0,111.4,109.48
520.39,173.69,114.58,112.58
542.44,170.12,98.56,115.76
564.44,166.17,76.559,119.14
586.14,161.89,54.855,122.67
nan,nan,nan,nan
nan,nan,nan,nan
nan,nan,nan,nan
nan,nan,nan,nan
nan,nan,nan,nan
nan,nan,nan,nan
nan,nan,nan,nan
nan,nan,nan,nan
nan,nan,nan,nan
nan,nan,nan,nan
nan,nan,nan,nan
nan,nan,nan,nan
nan,nan,nan,nan
nan,nan,nan,nan
nan,nan,nan,nan
nan,nan,nan,nan
nan,nan,nan,nan
nan,nan,nan,nan
nan,nan,nan,nan
nan,nan,nan,nan
nan,nan,nan,nan
nan,nan,nan,nan
573.34,23.925,67.656,169.62
550.98,18.232,90.02,170.2
528.36,12.452,112.64,170.9
505.64,6.6812,135.36,171.66
483.08,1.0,142.72,172.35
460.94,1.0,141.03,167.43
439.33,1.0,139.58,162.61
418.27,1.0,138.61,157.01
398.14,1.0,137.78,151.49
379.09,1.0,137.09,146.09
360.73,1.0,137.72,141.47
343.64,1.0,138.45,137.01
327.94,1.0,139.31,132.69
313.57,1.0,140.33,128.66
300.71,1.0,141.43,124.81
289.38,1.0,142.56,121.23
279.41,1.0,143.82,117.93
271.43,1.0,143.91,114.35
264.05,1.0,145.73,112.19
258.04,1.0,147.53,110.41
253.13,1.0,149.39,109.02
249.35,1.0,151.19,107.97
246.45,1.0,153.05,107.34
244.4,1.0,154.75,107.07
241.94,1.0,158.5,108.23
240.69,1.0,160.47,108.69
239.61,1.0,162.44,109.55
238.61,1.0,164.35,110.79
236.48,1.0,168.21,113.23
233.95,1.0,172.05,116.03
230.88,1.0,175.87,119.2
228.0,1.0,177.63,121.77
223.42,1.0,180.93,126.3
217.84,1.0,184.14,131.19
211.05,1.0,187.31,136.43
203.82,1.0,188.58,141.23
193.85,1.0,192.63,146.49
182.46,1.0,196.6,152.06
169.48,1.0,200.69,157.92
154.4,1.0,205.91,163.77
137.7,1.0,211.26,169.89
119.45,1.0,216.81,176.19
98.528,1.0,224.77,183.75
77.442,1.0,230.12,191.31
54.86,1.0,235.87,199.02
30.965,1.0,241.89,206.88
7.119,1.0,245.82,213.6
1.0,1.0,232.39,221.57
1.0,1.0,212.41,229.67
1.0,1.0,191.01,236.84
1.0,1.0,169.58,244.39
1.0,1.0,148.74,253.55
1.0,1.0,128.26,262.97
1.0,1.0,108.32,272.58
nan,nan,nan,nan
nan,nan,nan,nan
nan,nan,nan,nan
nan,nan,nan,nan
nan,nan,nan,nan
nan,nan,nan,nan
nan,nan,nan,nan
nan,nan,nan,nan
nan,nan,nan,nan
nan,nan,nan,nan
nan,nan,nan,nan
nan,nan,nan,nan
nan,nan,nan,nan
nan,nan,nan,nan
nan,nan,nan,nan
nan,nan,nan,nan
nan,nan,nan,nan
nan,nan,nan,nan
nan,nan,nan,nan
nan,nan,nan,nan
1.0,1.0,167.76,480.0
1.0,1.0,195.79,480.0
1.0,1.0,226.13,480.0
1.0,1.0,258.93,480.0
1.0,1.0,294.15,480.0
1.0,1.0,331.61,480.0
1.0,1.0,371.17,480.0
1.0,1.0,413.11,480.0
1.0,1.0,457.5,480.0
1.0,1.0,503.52,480.0
1.0,1.0,505.18,480.0
1.0,1.0,595.68,480.0
1.0,1.0,611.28,480.0
1.0,1.0,592.64,480.0
1.0,1.0,606.15,480.0
1.0,1.0,640.0,480.0
1.0,1.0,640.0,480.0
nan,nan,nan,nan
1.0,1.0,640.0,480.0
1.0,1.0,640.0,480.0
1.0,1.0,640.0,480.0
1.0,1.0,640.0,480.0
nan,nan,nan,nan
nan,nan,nan,nan
nan,nan,nan,nan
nan,nan,nan,nan
nan,nan,nan,nan
nan,nan,nan,nan
nan,nan,nan,nan
1.0,1.0,640.0,480.0
1.0,1.0,640.0,480.0
1.0,1.0,640.0,480.0
nan,nan,nan,nan
nan,nan,nan,nan
nan,nan,nan,nan
1.0,6.869,640.0,474.13
1.0,1.0,640.0,480.0
1.0,1.0,640.0,480.0
1.0,1.0,640.0,480.0
1.0,18.608,640.0,462.39
1.0,1.0,640.0,480.0
1.0,12.72,640.0,468.28
1.0,21.99,640.0,459.01
5.7811,1.0,635.22,480.0
16.383,1.0,624.62,480.0
48.923,1.0,592.08,480.0
79.201,1.0,561.8,480.0
110.85,1.0,530.15,480.0
139.94,1.0,501.06,480.0
166.33,1.0,474.67,480.0
194.67,1.0,446.33,480.0
222.5,1.0,418.5,480.0
250.69,1.0,390.31,480.0
nan,nan,nan,nan
nan,nan,nan,nan
nan,nan,nan,nan
nan,nan,nan,nan
nan,nan,nan,nan
nan,nan,nan,nan
nan,nan,nan,nan
nan,nan,nan,nan
nan,nan,nan,nan
nan,nan,nan,nan
nan,nan,nan,nan
nan,nan,nan,nan
nan,nan,nan,nan
nan,nan,nan,nan
nan,nan,nan,nan
nan,nan,nan,nan
nan,nan,nan,nan
nan,nan,nan,nan
nan,nan,nan,nan
nan,nan,nan,nan
nan,nan,nan,nan
nan,nan,nan,nan
nan,nan,nan,nan
nan,nan,nan,nan
390.03,127.69,250.97,353.31
370.96,137.56,270.04,343.44
351.58,147.04,289.42,333.96
334.21,157.33,306.79,323.67
315.37,166.96,325.63,314.04
297.09,176.2,343.91,304.8
280.44,186.17,360.56,294.83
263.43,194.74,377.57,286.26
247.37,202.99,393.63,278.01
233.38,211.48,401.08,269.52
218.63,218.69,395.63,262.31
205.33,225.39,390.67,255.61
193.92,233.38,384.87,247.62
182.79,239.87,381.49,241.13
173.39,246.1,378.05,234.9
165.34,251.99,374.81,229.01
158.36,258.41,372.4,222.59
152.85,264.55,370.12,216.45
148.67,270.39,367.8,210.61
145.19,274.23,366.72,206.77
143.12,277.71,365.59,203.29
140.93,282.11,365.36,198.89
139.73,286.09,365.1,194.91
138.8,288.05,366.37,192.95
138.43,289.55,367.35,191.45
138.41,290.69,368.09,190.31
138.44,291.83,367.42,189.17
138.04,292.73,366.85,188.27
138.4,291.78,364.97,189.22
138.2,290.45,363.1,190.55
137.22,288.72,361.07,192.28
135.11,286.8,359.18,194.2
131.72,284.47,357.35,196.53
126.79,282.16,356.62,198.84
120.65,279.55,355.77,201.45
112.65,276.72,355.11,204.28
103.2,273.51,354.41,207.49
92.582,269.99,353.48,211.01
80.348,266.07,352.63,214.93
66.528,261.94,351.96,219.06
51.777,256.55,351.62,224.45
35.258,250.89,351.88,230.11
17.175,245.06,352.59,235.94
1.0,239.3,350.32,241.7
1.0,233.9,331.46,247.1
1.0,228.35,311.85,252.65
1.0,222.61,291.9,258.39
1.0,217.31,272.22,263.69
1.0,210.64,252.21,270.36
1.0,202.99,232.11,278.01
1.0,195.43,212.31,285.57
1.0,188.74,192.25,292.26
nan,nan,nan,nan
nan,nan,nan,nan
nan,nan,nan,nan
nan,nan,nan,nan
nan,nan,nan,nan
nan,nan,nan,nan
nan,nan,nan,nan
nan,nan,nan,nan
nan,nan,nan,nan
nan,nan,nan,nan
nan,nan,nan,nan
nan,nan,nan,nan
nan,nan,nan,nan
nan,nan,nan,nan
nan,nan,nan,nan
nan,nan,nan,nan
nan,nan,nan,nan
nan,nan,nan,nan
nan,nan,nan,nan
nan,nan,nan,nan
1.0,104.71,126.26,320.27
1.0,104.16,144.84,313.84
1.0,103.85,164.34,307.76
1.0,104.8,183.24,301.01
1.0,105.82,202.49,294.65
1.0,106.85,222.12,288.53
1.0,107.15,243.41,284.04
1.0,109.31,263.08,276.94
1.0,111.54,282.22,270.45
1.0,113.77,300.61,264.31
22.019,115.27,298.26,259.23
43.888,116.65,294.14,254.47
64.197,118.04,290.43,249.97
83.084,119.5,286.89,245.75
98.853,119.29,286.5,244.49
114.43,120.0,283.68,242.47
128.42,120.7,281.12,240.96
140.76,121.41,278.65,239.46
151.57,122.14,276.21,237.88
160.88,122.97,273.74,236.19
168.76,123.77,271.31,234.53
175.28,124.54,268.91,232.92
179.23,124.52,269.05,233.07
182.8,124.26,267.8,233.67
185.42,124.02,266.59,234.29
187.22,123.7,265.52,235.01
188.51,123.47,264.25,235.53
189.43,123.17,262.92,236.09
190.01,122.94,261.77,236.55
190.58,122.6,260.66,237.38
190.61,122.54,260.93,237.6
191.21,122.46,260.99,237.8
192.48,122.6,260.74,237.49
194.42,122.69,260.59,237.35
197.23,122.74,260.62,237.29
201.35,122.27,260.51,238.24
206.75,121.92,260.12,238.76
214.6,120.86,258.02,240.29
223.79,119.66,255.85,242.13
234.25,118.51,253.81,244.13
246.24,117.17,252.07,246.34
261.38,115.54,247.04,248.83
277.74,114.43,242.26,250.38
295.35,113.17,237.9,252.17
313.16,112.01,235.94,253.66
332.23,110.58,234.08,255.31
354.5,108.86,228.35,256.87
377.74,106.89,222.8,258.67
400.14,104.8,221.18,260.46
423.21,102.38,217.79,262.55
448.25,100.48,192.75,262.95
473.57,98.269,167.43,263.52
499.13,95.746,141.87,264.21
523.14,93.69,117.86,263.84
546.87,91.398,94.13,263.46
570.02,88.723,70.979,263.1
nan,nan,nan,nan
nan,nan,nan,nan
nan,nan,nan,nan
nan,nan,nan,nan
nan,nan,nan,nan
nan,nan,nan,nan
nan,nan,nan,nan
nan,nan,nan,nan
nan,nan,nan,nan
nan,nan,nan,nan
nan,nan,nan,nan
nan,nan,nan,nan
nan,nan,nan,nan
nan,nan,nan,nan
nan,nan,nan,nan
nan,nan,nan,nan
nan,nan,nan,nan
nan,nan,nan,nan
nan,nan,nan,nan
nan,nan,nan,nan
nan,nan,nan,nan
575.54,5.8712,65.456,204.11
554.54,2.9347,86.456,199.46
533.15,1.0,107.85,193.97
512.24,1.0,128.76,185.79
490.26,1.0,128.72,178.3
468.62,1.0,125.96,170.91
447.57,1.0,123.44,163.63
427.2,1.0,121.42,157.15
407.64,1.0,119.55,150.83
390.01,1.0,116.17,143.66
372.93,1.0,114.12,137.28
357.16,1.0,112.27,131.22
342.76,1.0,110.44,125.19
330.11,1.0,107.9,119.0
318.96,1.0,105.46,113.01
309.28,1.0,103.08,107.31
300.32,1.0,102.41,102.83
292.85,1.0,101.66,98.672
286.78,1.0,100.85,94.847
282.2,1.0,99.628,90.641
278.55,1.0,99.021,87.366
275.86,1.0,98.627,84.393
274.18,1.0,98.022,81.845
273.64,1.0,96.674,78.606
273.68,1.0,95.243,75.878
274.11,1.0,93.891,73.514
274.45,1.0,93.072,72.45
274.81,1.0,92.322,71.687
275.0,1.0,91.497,71.341
274.87,1.0,90.56,71.505
273.68,1.0,90.55,72.944
271.76,1.0,90.516,74.757
269.6,1.0,89.076,77.004
266.35,1.0,87.67,79.567
261.85,1.0,86.321,82.549
256.13,1.0,84.853,85.84
248.91,1.0,83.555,89.414
240.26,1.0,82.119,93.385
230.45,1.0,80.133,96.748
218.36,1.0,79.666,100.37
204.81,1.0,79.137,104.31
189.73,1.0,78.835,108.42
173.29,1.0,78.387,112.79
155.15,6.896,78.629,111.12
135.65,12.884,79.038,109.59
114.72,18.134,80.064,109.71
92.687,23.273,81.268,109.91
70.117,28.358,81.964,110.48
46.784,33.472,82.721,111.04
22.809,38.605,83.763,111.68
1.0,43.566,82.212,112.65
1.0,48.434,58.503,113.7
1.0,53.479,35.035,114.65
nan,nan,nan,nan
nan,nan,nan,nan
nan,nan,nan,nan
nan,nan,nan,nan
nan,nan,nan,nan
nan,nan,nan,nan
nan,nan,nan,nan
nan,nan,nan,nan
nan,nan,nan,nan
nan,nan,nan,nan
nan,nan,nan,nan
nan,nan,nan,nan
nan,nan,nan,nan
nan,nan,nan,nan
nan,nan,nan,nan
nan,nan,nan,nan
nan,nan,nan,nan
nan,nan,nan,nan
nan,nan,nan,nan
nan,nan,nan,nan
nan,nan,nan,nan
nan,nan,nan,nan
1.0,166.87,32.412,112.4
1.0,169.77,55.434,111.45
3.3777,172.59,75.811,110.2
27.94,175.25,73.99,108.97
52.177,177.58,72.261,107.88
75.789,179.57,70.789,106.88
98.75,181.38,69.343,106.02
120.79,183.06,67.98,105.21
141.8,184.38,66.778,104.5
161.26,185.5,66.405,104.05
179.46,185.11,66.054,106.14
196.27,184.69,65.805,108.17
211.66,184.2,65.619,110.22
225.59,183.51,65.345,112.42
238.02,182.79,65.143,114.58
248.85,182.03,65.011,116.69
258.22,181.07,64.922,118.97
266.05,181.25,64.904,118.9
272.48,181.42,64.931,118.88
277.56,181.46,65.012,118.9
281.46,181.53,65.093,118.92
284.28,181.51,65.175,119.03
285.57,180.91,66.531,120.29
286.14,180.22,67.82,121.57
286.1,179.51,69.17,122.99
285.63,178.9,70.581,124.29
284.93,178.15,72.091,125.72
283.94,177.21,74.188,127.68
283.01,176.23,76.508,129.66
283.11,175.74,77.566,130.53
283.74,175.34,78.679,131.33
284.29,174.39,81.492,133.34
285.8,173.35,84.245,135.41
288.36,172.32,87.006,137.48
292.2,170.98,89.627,140.34
297.36,169.62,92.224,143.16
303.08,167.33,96.529,148.03
310.22,165.02,100.99,152.93
319.57,163.26,103.9,156.8
330.38,161.56,106.92,160.74
342.22,159.82,111.02,165.1
355.63,158.75,114.87,168.18
369.58,156.25,120.57,174.29
385.58,154.91,124.79,178.36
402.75,153.6,129.22,182.61
419.77,151.55,136.35,188.81
437.66,149.57,143.78,195.25
455.32,146.65,153.44,203.81
473.42,143.7,163.69,212.72
492.53,142.17,148.47,218.77
511.75,140.8,129.25,225.04
529.21,139.53,111.79,232.39
547.37,139.13,93.626,237.98
564.84,138.86,76.158,243.69
nan,nan,nan,nan
nan,nan,nan,nan
nan,nan,nan,nan
nan,nan,nan,nan
nan,nan,nan,nan
nan,nan,nan,nan
nan,nan,nan,nan
nan,nan,nan,nan
nan,nan,nan,nan
nan,nan,nan,nan
nan,nan,nan,nan
nan,nan,nan,nan
nan,nan,nan,nan
nan,nan,nan,nan
nan,nan,nan,nan
nan,nan,nan,nan
nan,nan,nan,nan
nan,nan,nan,nan
nan,nan,nan,nan
nan,nan,nan,nan
nan,nan,nan,nan
nan,nan,nan,nan
347.11,151.87,293.89,329.13
315.86,153.01,325.14,327.99
287.86,156.3,353.14,324.7
259.73,159.6,381.27,321.4
235.16,164.87,405.84,316.13
210.71,170.01,430.29,310.99
187.81,173.3,453.19,307.7
165.43,176.58,475.57,304.42
148.0,179.52,493.0,301.48
131.66,182.41,509.33,298.59
116.42,184.92,524.58,296.08
102.38,187.15,538.62,293.85
92.967,191.26,548.03,289.74
85.652,197.22,555.35,283.78
80.293,202.61,560.71,278.39
73.212,208.49,563.61,272.51
70.508,214.46,551.18,266.54
69.333,220.06,538.88,260.94
71.812,227.28,521.99,253.72
72.181,231.12,512.74,249.88
73.855,234.66,503.3,246.34
76.632,237.95,493.46,243.05
80.213,240.89,483.5,240.11
81.526,243.07,479.86,237.93
83.269,244.93,475.99,236.07
83.24,244.37,476.24,236.63
83.286,243.53,476.25,237.47
84.129,242.75,473.99,238.25
84.663,241.56,471.48,239.44
85.754,241.03,466.6,239.97
86.187,240.03,461.53,240.97
85.605,238.84,456.43,242.16
83.979,237.39,451.04,243.61
81.159,235.51,445.62,245.49
76.097,233.06,442.33,247.94
69.577,230.32,438.96,250.68
58.378,226.6,441.61,254.4
45.392,222.52,444.39,258.48
30.957,218.1,447.26,262.9
14.63,213.33,450.57,267.67
1.0,207.89,451.67,273.11
1.0,202.0,437.89,279.0
1.0,195.62,423.12,285.38
1.0,188.61,405.58,292.39
1.0,181.09,387.2,299.91
1.0,173.27,368.04,307.73
1.0,164.94,348.34,316.06
1.0,156.7,326.51,324.3
1.0,148.15,304.34,332.85
1.0,140.47,281.47,340.53
1.0,131.74,257.96,349.26
nan,nan,nan,nan
nan,nan,nan,nan
nan,nan,nan,nan
nan,nan,nan,nan
nan,nan,nan,nan
nan,nan,nan,nan
nan,nan,nan,nan
nan,nan,nan,nan
nan,nan,nan,nan
nan,nan,nan,nan
nan,nan,nan,nan
nan,nan,nan,nan
nan,nan,nan,nan
nan,nan,nan,nan
nan,nan,nan,nan
nan,nan,nan,nan
nan,nan,nan,nan
nan,nan,nan,nan
nan,nan,nan,nan
nan,nan,nan,nan
nan,nan,nan,nan
1.0,1.0,180.53,480.0
1.0,1.0,199.03,480.0
1.0,1.0,218.66,480.0
1.0,1.0,238.95,480.0
1.0,1.0,259.68,480.0
1.0,2.5283,280.63,478.47
1.0,4.6152,301.58,476.38
1.0,6.6215,322.3,474.38
1.0,7.4838,343.59,473.52
1.0,8.4351,364.11,472.56
1.0,8.5953,384.07,472.4
1.0,8.6665,403.23,472.33
1.0,8.6158,421.45,471.45
9.6034,8.6184,429.89,469.99
25.953,8.56,429.22,468.86
40.601,8.3823,428.85,468.18
53.574,8.0239,428.82,468.13
65.539,8.2313,428.08,467.42
75.822,8.3798,427.69,467.14
84.433,8.3981,427.63,467.32
90.949,7.6333,428.07,468.46
96.002,6.7847,428.82,470.02
100.07,5.8518,429.15,471.91
102.8,4.9519,429.6,473.52
104.46,4.0511,430.08,475.03
105.37,3.075,430.24,476.44
105.67,2.1784,430.36,477.72
105.37,1.9606,430.72,478.3
104.76,1.8512,431.56,478.74
104.42,1.6579,432.04,479.23
104.27,1.4757,432.63,479.52
104.4,1.2884,433.41,479.71
105.0,1.1159,434.44,479.88
106.36,1.0187,435.54,479.98
108.6,1.0,436.67,480.0
114.39,2.3141,433.71,478.4
121.54,3.8391,430.6,475.1
130.06,4.8495,427.61,472.13
139.91,4.9795,424.73,470.51
151.3,4.8623,421.88,470.44
164.24,4.5597,419.17,470.76
178.61,4.0352,416.65,471.39
192.08,2.4545,418.57,473.46
206.87,1.0,420.95,475.51
224.37,1.0,416.63,475.88
243.17,1.0,397.83,476.38
263.05,1.0,377.95,477.11
283.81,1.0,357.19,477.9
305.38,1.0,335.62,478.82
327.67,1.0,313.33,479.95
349.81,1.0,291.19,480.0
371.98,1.0,269.02,480.0
394.2,1.0,246.8,480.0
416.11,1.0,224.89,480.0
437.59,1.0,203.41,480.0
458.44,1.0,182.56,480.0
478.38,1.0,162.62,480.0
nan,nan,nan,nan
nan,nan,nan,nan
nan,nan,nan,nan
nan,nan,nan,nan
nan,nan,nan,nan
nan,nan,nan,nan
nan,nan,nan,nan
nan,nan,nan,nan
nan,nan,nan,nan
nan,nan,nan,nan
nan,nan,nan,nan
nan,nan,nan,nan
nan,nan,nan,nan
nan,nan,nan,nan
nan,nan,nan,nan
nan,nan,nan,nan
nan,nan,nan,nan
nan,nan,nan,nan
nan,nan,nan,nan
nan,nan,nan,nan
440.89,1.0,200.11,340.85
418.95,1.0,222.04,332.2
396.51,1.0,244.49,323.66
373.05,1.0,267.95,314.34
